Test,Time
1,416300
2,15900
3,12800
4,12900
5,12900
6,12900
7,12900
8,12800
9,12900
10,12800
11,12900
12,12900
13,12900
14,12800
15,13000
16,13100
17,12900
18,12900
19,12900
20,12900
21,12900
22,12800
23,15200
24,12900
25,13000
26,12900
27,13000
28,12900
29,12900
30,12900
31,12800
32,13000
33,13000
34,12800
35,13000
36,12800
37,12900
38,12800
39,12900
40,12900
41,13000
42,12800
43,12800
44,12900
45,13000
46,12800
47,12800
48,15400
49,12800
50,13000
51,12800
52,13000
53,12800
54,13000
55,12900
56,12900
57,13000
58,12900
59,12800
60,13100
61,12900
62,12900
63,12900
64,12900
65,12800
66,12800
67,12900
68,12900
69,12800
70,13000
71,12800
72,12800
73,15200
74,13100
75,12900
76,13100
77,12900
78,12900
79,12900
80,12900
81,12900
82,13000
83,12900
84,12900
85,12900
86,12900
87,12900
88,12900
89,13100
90,13000
91,12900
92,12900
93,12900
94,12900
95,12800
96,12900
97,13000
98,13000
99,12800
100,12800
101,13100
102,15200
103,12900
104,12900
105,12800
106,12900
107,13100
108,12900
109,12900
110,12800
111,16900
112,12800
113,12900
114,12900
115,12800
116,13300
117,13000
118,13000
119,20700
120,12900
121,12900
122,13000
123,13100
124,12800
125,12900
126,12800
127,74900
128,13000
129,15500
130,12900
131,13000
132,13100
133,12900
134,13000
135,13000
136,12900
137,15600
138,13100
139,12900
140,13100
141,12900
142,13000
143,12800
144,13000
145,15300
146,12800
147,75200
148,13100
149,21100
150,82600
151,49900
152,83500
153,74900
154,13000
155,12900
156,12800
157,12900
158,12900
159,13100
160,13100
161,12900
162,12800
163,12900
164,13300
165,13000
166,12900
167,12800
168,12900
169,12900
170,12800
171,13000
172,12900
173,13000
174,15200
175,13100
176,13000
177,13000
178,13100
179,12900
180,13000
181,12800
182,12900
183,12900
184,12900
185,12900
186,12900
187,12900
188,12900
189,13000
190,13000
191,12800
192,12900
193,12800
194,12800
195,13000
196,13000
197,12900
198,13000
199,12900
200,12900
201,12900
202,12800
203,15200
204,12900
205,12900
206,12800
207,15400
208,12800
209,12800
210,13000
211,12800
212,12900
213,13100
214,13200
215,13000
216,12800
217,12900
218,12900
219,12900
220,13000
221,12900
222,12900
223,12800
224,12900
225,12800
226,12900
227,28300
228,12900
229,12900
230,12900
231,12900
232,12900
233,12800
234,12800
235,12800
236,15200
237,12900
238,12900
239,12900
240,13000
241,13000
242,13000
243,13000
244,12900
245,12900
246,12800
247,12900
248,12900
249,13000
250,12800
251,12900
252,12900
253,12900
254,12900
255,12900
256,12800
257,12900
258,12800
259,12900
260,13000
261,17500
262,12800
263,12800
264,12900
265,13100
266,13100
267,12900
268,12800
269,12900
270,13000
271,12800
272,12900
273,13000
274,12800
275,12800
276,12800
277,12800
278,12900
279,12900
280,13000
281,12900
282,13000
283,13000
284,12900
285,13000
286,12900
287,12800
288,12900
289,12800
290,12900
291,12800
292,12900
293,12900
294,13100
295,13100
296,12900
297,12900
298,15400
299,12900
300,13000
301,12800
302,12900
303,13000
304,13000
305,12800
306,12900
307,12800
308,13000
309,13000
310,13000
311,12800
312,12900
313,12900
314,13000
315,13200
316,12800
317,12800
318,12900
319,12900
320,13000
321,12900
322,15800
323,15400
324,12900
325,12900
326,12800
327,15400
328,13000
329,12900
330,13000
331,12800
332,13000
333,12900
334,12800
335,12900
336,12900
337,12900
338,15900
339,12900
340,13000
341,13100
342,12800
343,12800
344,13000
345,13000
346,12900
347,12900
348,15100
349,13100
350,12800
351,12800
352,13200
353,13100
354,15700
355,12800
356,12900
357,13000
358,12900
359,12800
360,13000
361,13100
362,13200
363,13000
364,12800
365,12900
366,12900
367,12800
368,13000
369,12900
370,15800
371,13000
372,12900
373,13000
374,12800
375,12800
376,13000
377,15200
378,13000
379,13000
380,13000
381,12900
382,12900
383,13000
384,12900
385,12900
386,16000
387,12900
388,12800
389,12900
390,12900
391,12900
392,13000
393,13000
394,13000
395,12800
396,12900
397,12900
398,13000
399,12900
400,13000
401,13000
402,74700
403,12900
404,13000
405,15300
406,12800
407,13000
408,13000
409,15300
410,12800
411,12900
412,12900
413,13000
414,13000
415,13100
416,13100
417,12900
418,13100
419,12900
420,12900
421,12900
422,13000
423,13100
424,13000
425,13000
426,12900
427,13000
428,13000
429,13000
430,12900
431,12900
432,12900
433,12900
434,15100
435,13000
436,12800
437,12900
438,12800
439,12800
440,13100
441,12900
442,12900
443,12800
444,12900
445,12800
446,12900
447,12900
448,12900
449,12900
450,13100
451,12800
452,12900
453,12900
454,13000
455,12800
456,12800
457,13100
458,12900
459,15200
460,12900
461,13000
462,12700
463,15400
464,13000
465,12900
466,12800
467,13200
468,12900
469,13000
470,12800
471,12900
472,12900
473,12900
474,13000
475,13100
476,13000
477,12900
478,12900
479,13000
480,12900
481,13100
482,13000
483,12800
484,12900
485,13200
486,12800
487,13000
488,14900
489,12900
490,13000
491,13000
492,12900
493,13100
494,13100
495,13000
496,13000
497,13000
498,13100
499,12900
500,12900
501,13000
502,13100
503,12800
504,12900
505,13100
506,12900
507,12800
508,13000
509,12900
510,12900
511,12900
512,12900
513,26600
514,12900
515,13000
516,13100
517,13000
518,12900
519,13000
520,12900
521,13100
522,13100
523,12800
524,13100
525,12900
526,12900
527,12800
528,12900
529,13100
530,13000
531,13000
532,12900
533,12800
534,13200
535,13000
536,12900
537,15300
538,12900
539,12900
540,13100
541,15500
542,12800
543,12800
544,13000
545,13300
546,12900
547,12800
548,12900
549,13000
550,12900
551,12900
552,12800
553,13000
554,12900
555,12900
556,12900
557,13000
558,12800
559,12900
560,12800
561,12800
562,12900
563,12800
564,12900
565,12900
566,15100
567,12900
568,13000
569,12900
570,12900
571,12900
572,13000
573,13000
574,12900
575,12900
576,12900
577,12900
578,13100
579,12900
580,12900
581,12800
582,12800
583,12800
584,12800
585,12900
586,12900
587,13000
588,13000
589,13100
590,12900
591,16900
592,13100
593,12800
594,12900
595,15000
596,13000
597,12800
598,12900
599,15100
600,12900
