Test,Time
1,5480700
2,5152900
3,5048800
4,4971300
5,5143200
6,4982200
7,5037000
8,4860100
9,5001300
10,4876500
11,4961400
12,4834700
13,5005800
14,4864400
15,4819300
16,4974300
17,4896500
18,4843200
19,4926200
20,4841800
21,4927800
22,4843000
23,5318200
24,5039600
25,5143400
26,4890000
27,4974700
28,4899700
29,5366900
30,4982800
31,4848000
32,5166300
33,5099600
34,4914800
35,4835400
36,4874900
37,4984300
38,5068100
39,4822300
40,5187400
41,5287000
42,5136400
43,4857000
44,4981600
45,5090100
46,4978600
47,4930000
48,4862900
49,5111700
50,4968400
51,5322600
52,5228000
53,4970100
54,5015500
55,5036100
56,4946600
57,5040100
58,4937000
59,5260700
60,5086800
61,5054500
62,5085400
63,5045900
64,5012100
65,4825400
66,4924400
67,4943500
68,4852300
69,5065600
70,5147800
71,5114200
72,5153900
73,4943000
74,5023500
75,4958300
76,5218900
77,5006200
78,5027700
79,5209900
80,5115000
81,4879400
82,5032100
83,5934100
84,4950300
85,4989000
86,5232800
87,5026600
88,4991800
89,5234500
90,4970000
91,4911800
92,5283600
93,4874800
94,4912300
95,4983800
96,5023100
97,5245500
98,5187000
99,5105800
100,5019300
101,5111400
102,4937400
103,4935000
104,5412400
105,5053600
106,4885200
107,4968900
108,5117100
109,5093300
110,5023000
111,5122000
112,4992200
113,5113700
114,5027100
115,5058500
116,5123400
117,5113900
118,5045000
119,4964600
120,4869600
121,4940800
122,4941500
123,5256000
124,4920200
125,4898900
126,4863100
127,4925800
128,4885900
129,5010800
130,4852300
131,4900100
132,5252700
133,4992100
134,5046900
135,5204800
136,4848300
137,4836600
138,5059400
139,4915000
140,4982300
141,4885600
142,4855400
143,4905000
144,4976300
145,4877300
146,4934800
147,5206400
148,5007500
149,4867500
150,5073000
151,4981100
152,4865100
153,5190600
154,5026900
155,5270200
156,5157400
157,5029800
158,5052800
159,5096700
160,4931800
161,5213000
162,5010600
163,5157900
164,4844600
165,4990500
166,5124800
167,5016300
168,5074700
169,5055000
170,4973500
171,4904800
172,4988800
173,4904100
174,4980500
175,4968900
176,4831000
177,4813700
178,4972700
179,5014000
180,5050800
181,5039900
182,4855400
183,5054000
184,4993200
185,5137100
186,5116900
187,4928200
188,4911800
189,4832400
190,4957100
191,4998800
192,4970200
193,5120000
194,4834500
195,4873600
196,4907500
197,5072900
198,4925900
199,4875700
200,4866900
201,5058200
202,5004900
203,5205800
204,5102800
205,5001700
206,4989400
207,4932800
208,4973400
209,4894500
210,5063200
211,5181600
212,5287300
213,4909400
214,5053900
215,4885600
216,4859300
217,4862800
218,4890500
219,5007200
220,5061800
221,4910400
222,4885400
223,4922100
224,4892900
225,4825800
226,4975100
227,4869500
228,4879400
229,5009100
230,4877400
231,5267900
232,4971300
233,4839800
234,5103600
235,4896400
236,4929600
237,5032800
238,4861400
239,5083400
240,4868000
241,4971700
242,5704100
243,5252200
244,4900500
245,4944100
246,5027300
247,4884300
248,5073400
249,4958100
250,4859700
251,4934400
252,5033700
253,4904300
254,4964500
255,5239700
256,5428300
257,5008100
258,5168600
259,5141500
260,5226100
261,4918100
262,5010900
263,5029800
264,4880200
265,4832400
266,4842800
267,4899700
268,4985600
269,4923000
270,4845100
271,4821700
272,4930200
273,5023400
274,5085900
275,5071300
276,4864200
277,4975500
278,5033200
279,4833100
280,5657300
281,5021300
282,4823000
283,4833200
284,4879100
285,4842200
286,5087500
287,4949200
288,5048100
289,4829000
290,4853400
291,4856200
292,5949000
293,5136800
294,4984000
295,5061600
296,5063000
297,4848500
298,4863000
299,5021000
300,5092700
301,5081700
302,4974400
303,4846700
304,5037700
305,5140200
306,4906200
307,4970000
308,4992500
309,4862100
310,5211700
311,4843100
312,4928000
313,5095900
314,4868000
315,4852700
316,4876100
317,4980900
318,4875800
319,4920400
320,5306000
321,4949100
322,5087600
323,4972200
324,4945300
325,4900700
326,4907100
327,5075500
328,4882100
329,4875700
330,4910900
331,5029900
332,4847000
333,5091400
334,4886500
335,5058500
336,4896300
337,4870100
338,4859900
339,4929500
340,5218200
341,4870600
342,4867800
343,4923600
344,4911000
345,5003700
346,4916400
347,4884900
348,4892500
349,5137000
350,4887000
351,4867700
352,4860700
353,4896300
354,5130200
355,4953300
356,4892000
357,4917800
358,5772600
359,5080800
360,4975400
361,4980600
362,5109400
363,4933700
364,4867800
365,4974900
366,4987700
367,4898500
368,5029000
369,4897400
370,4881400
371,5497800
372,4923600
373,5015700
374,5076000
375,4864200
376,5090700
377,4874800
378,4934100
379,5054800
380,5197100
381,4896100
382,4834500
383,4849800
384,4953700
385,5045400
386,5014800
387,4842900
388,5176700
389,5187900
390,4876100
391,5174400
392,5004900
393,5080700
394,5079900
395,5134900
396,4956200
397,5041100
398,5292600
399,4999600
400,5106400
401,4837100
402,4840900
403,5048400
404,4968200
405,4966700
406,5234200
407,5112000
408,4863700
409,5000900
410,4978700
411,4875300
412,5061700
413,5008600
414,4952500
415,5206900
416,5380600
417,4852900
418,4888700
419,5163200
420,4990700
421,4888800
422,4958000
423,4828600
424,4879800
425,4932800
426,4857700
427,4842800
428,5172600
429,5045400
430,4997700
431,5056900
432,5045000
433,5044900
434,4879200
435,4975900
436,4899500
437,4971400
438,4860900
439,5176000
440,4938300
441,4969200
442,5010800
443,4834300
444,5068600
445,4856600
446,4865900
447,5148600
448,4944500
449,4859900
450,4944100
451,4894900
452,4957900
453,5097500
454,5050100
455,5138800
456,5082300
457,4924700
458,4867200
459,4954600
460,5168300
461,5146200
462,5225400
463,4921100
464,5266100
465,4834800
466,4927100
467,5089700
468,4934600
469,4822700
470,5159200
471,4949200
472,4824000
473,5144500
474,4936300
475,5230500
476,4900900
477,5091500
478,4826700
479,4873600
480,4838000
481,5011800
482,4893400
483,5242200
484,4946400
485,5114000
486,5036500
487,5189300
488,5115300
489,4944300
490,4857700
491,4988400
492,5119200
493,5004200
494,5030400
495,4867100
496,4916400
497,4974400
498,5154800
499,5804700
500,5465600
501,5748400
502,5383800
503,5647600
504,5374900
505,5604500
506,4888200
507,4862200
508,5160000
509,4962400
510,5163600
511,4919800
512,4930100
513,5033100
514,4961900
515,5070000
516,5040300
517,4960700
518,5104000
519,4985600
520,5096800
521,4860900
522,4897100
523,5238500
524,5078400
525,4980800
526,5010000
527,4983900
528,4918200
529,4897400
530,4875400
531,4902100
532,4909900
533,5127500
534,5216700
535,4859700
536,4824200
537,4865300
538,4836800
539,5264300
540,5009400
541,4992500
542,5130500
543,4919500
544,4895800
545,4849300
546,5044800
547,4976500
548,5032600
549,4954800
550,5001700
551,5426600
552,4944400
553,4849400
554,5024100
555,4922500
556,4872600
557,5331600
558,5025900
559,4953300
560,5015300
561,4839600
562,4981800
563,4884400
564,4981600
565,4923300
566,4994900
567,4821200
568,4895300
569,4943000
570,4977000
571,5102500
572,4917600
573,4980100
574,5139500
575,4880100
576,5239200
577,4831400
578,4846400
579,5108300
580,4862900
581,4854900
582,4978300
583,4947600
584,4843500
585,4936400
586,4944300
587,4859800
588,5059700
589,5047400
590,4823600
591,4846200
592,5046800
593,5018800
594,4992500
595,5152800
596,5023700
597,5088000
598,4971000
599,5029400
600,5237000
