Test,Time
1,5498900
2,4911000
3,4844100
4,4846900
5,5250700
6,4968000
7,5079400
8,5069600
9,4990700
10,4892400
11,5089200
12,5223400
13,4855400
14,4827800
15,4830400
16,4982300
17,4841300
18,5032100
19,4909000
20,4889100
21,4989600
22,5099600
23,5231600
24,5015400
25,4925100
26,5028600
27,4845700
28,5041100
29,5128900
30,4920200
31,4894800
32,5238200
33,4827300
34,4877300
35,4876900
36,5244500
37,4989200
38,4909900
39,4955900
40,4928800
41,4974300
42,5052500
43,5028100
44,5051100
45,4948200
46,5196900
47,4917300
48,5161100
49,4856400
50,6488300
51,4840700
52,4907700
53,4922100
54,4923900
55,5033100
56,4882700
57,4968600
58,4870900
59,5188000
60,4900500
61,4975000
62,4967600
63,4917700
64,5104300
65,6787700
66,5001000
67,5120400
68,5033600
69,4856700
70,4862800
71,5475800
72,4920400
73,4956900
74,5071800
75,4902700
76,5145100
77,5078400
78,4978800
79,4840700
80,4870800
81,5355800
82,4857800
83,5022200
84,5208900
85,4871100
86,5046000
87,5109600
88,5188800
89,4974200
90,5192600
91,5120500
92,5059000
93,4900000
94,4832500
95,5168100
96,4991300
97,5281500
98,5268200
99,4849300
100,5093600
101,4856500
102,5055800
103,5122200
104,5069900
105,5062200
106,5196100
107,4896100
108,4965600
109,4979800
110,4930400
111,5192600
112,4867400
113,4916400
114,4894300
115,4890700
116,5130000
117,5076600
118,4873600
119,5102100
120,5742300
121,4901800
122,4882300
123,5006200
124,5078500
125,4882400
126,4965400
127,5079900
128,4876400
129,5028000
130,5095800
131,5060500
132,4939300
133,4909300
134,5023900
135,5122000
136,5050500
137,5108800
138,4967400
139,11226800
140,5127500
141,4957700
142,4950600
143,4996500
144,4904100
145,5019800
146,5107800
147,5211900
148,5269000
149,5025300
150,5045400
151,4831500
152,4975500
153,5383700
154,4821100
155,4995500
156,5040900
157,4916800
158,4930100
159,4987000
160,4855100
161,4892500
162,5023900
163,4929700
164,5020900
165,5333500
166,4930400
167,5029100
168,5032600
169,4907000
170,4851400
171,4949500
172,5066300
173,5098900
174,4990200
175,5206600
176,4999800
177,4943200
178,5029600
179,5026400
180,4878300
181,5427400
182,4859200
183,5065100
184,5150700
185,4893800
186,5081800
187,4990800
188,5070300
189,4820300
190,5146400
191,5136800
192,5188700
193,5280400
194,4861400
195,4865300
196,4865300
197,4936300
198,5349100
199,4876400
200,5017700
201,5130700
202,5097800
203,5038400
204,4947200
205,4952200
206,4841200
207,4990000
208,5279000
209,4842800
210,4827000
211,5077500
212,5015100
213,4982400
214,5102100
215,5064800
216,5272500
217,4889100
218,4868800
219,5073500
220,5085100
221,4996800
222,5068400
223,5764000
224,5032600
225,4930300
226,5128500
227,4863200
228,5064000
229,4842500
230,4973200
231,4966800
232,4915200
233,5010900
234,5007200
235,5060000
236,6947900
237,5007500
238,5213100
239,5592800
240,6138500
241,5535100
242,5822900
243,5897400
244,5785600
245,5614500
246,5381700
247,5449500
248,5643900
249,5731500
250,6292100
251,5630200
252,5818400
253,5156900
254,4982700
255,5023200
256,5013000
257,5141800
258,4880400
259,4909800
260,4945000
261,5180200
262,4917000
263,5227700
264,5015600
265,5055600
266,4935100
267,4856500
268,4957000
269,4978400
270,4867000
271,5114900
272,4991600
273,5046100
274,5094600
275,5111600
276,4965600
277,5043800
278,4953400
279,4968900
280,5017100
281,5395500
282,5098800
283,5229100
284,5039200
285,4998700
286,5132800
287,4833100
288,5031400
289,4900400
290,5184600
291,4928800
292,5055200
293,4886300
294,5170400
295,5157600
296,4978300
297,4974300
298,5076700
299,4881000
300,5247800
301,4991700
302,5135500
303,4865300
304,5057400
305,4971800
306,5168900
307,5136000
308,4980400
309,5516500
310,6071500
311,5047000
312,4937600
313,4948700
314,5066900
315,4912300
316,4912500
317,4888100
318,4926600
319,4874900
320,4876200
321,4925500
322,4919900
323,4867700
324,4887600
325,5080800
326,4912100
327,4890200
328,4904700
329,4925500
330,4870500
331,5149000
332,5013000
333,4973200
334,4967000
335,5059100
336,4879600
337,4922600
338,4900900
339,4917700
340,4940600
341,5048100
342,4851300
343,4891600
344,5151900
345,5143700
346,5115000
347,4958700
348,4897200
349,5084000
350,4862800
351,4907500
352,4882500
353,4866700
354,4867900
355,5061700
356,4909200
357,5080200
358,4876600
359,4870100
360,4970200
361,4863000
362,4871500
363,5020600
364,4849000
365,4890400
366,4836100
367,4903500
368,5048600
369,4890500
370,4880900
371,4913600
372,4929100
373,4947600
374,5018000
375,5286200
376,4972700
377,4993600
378,5189800
379,5025700
380,5037700
381,5104800
382,4858000
383,4994200
384,4865100
385,5022200
386,4973000
387,4877900
388,5074800
389,4947700
390,4854900
391,4857400
392,5004300
393,5049900
394,5022600
395,4877000
396,5009800
397,5050000
398,4964800
399,4877700
400,4908600
401,4858500
402,5045100
403,4849800
404,4933200
405,4898800
406,5064600
407,4879200
408,5111000
409,4916900
410,5058600
411,4927800
412,4964400
413,5013200
414,5070900
415,4967400
416,5015000
417,4999600
418,4834700
419,4837400
420,5052000
421,4867000
422,4851200
423,5022900
424,4858800
425,4862900
426,4862600
427,5070000
428,5004300
429,4844000
430,4873000
431,5272000
432,4984800
433,4886600
434,5049800
435,4915600
436,4884000
437,4925100
438,4833400
439,5019800
440,4834400
441,4883600
442,4838000
443,5043500
444,4978100
445,4874400
446,4930900
447,4863900
448,4859000
449,4889600
450,4925000
451,4901700
452,5065100
453,4853100
454,4888800
455,4986500
456,4931600
457,4868600
458,5216900
459,4927200
460,4888000
461,5017100
462,5132100
463,5212000
464,5029400
465,4854500
466,4920200
467,5146200
468,4874600
469,4919100
470,4924000
471,4895600
472,4874300
473,4841800
474,4907200
475,5036500
476,4868300
477,4893500
478,4877600
479,4908800
480,4876300
481,5040500
482,4895600
483,4902000
484,4917700
485,4971800
486,4854100
487,4865500
488,4903100
489,4871500
490,5047000
491,4945800
492,4886900
493,5194000
494,4911800
495,4911600
496,5120700
497,5049400
498,5159800
499,5037800
500,5088700
501,4869100
502,5149100
503,4919100
504,4903800
505,5071100
506,4858200
507,5101600
508,4998900
509,5000000
510,4954900
511,4873800
512,5086600
513,5000800
514,4989800
515,4922900
516,5040900
517,4851300
518,5060400
519,4880500
520,4898600
521,5214200
522,5101300
523,4838700
524,5042700
525,5061700
526,5054400
527,5072300
528,5489000
529,5284700
530,5060200
531,5146000
532,5034900
533,5135500
534,5072400
535,5089900
536,4870600
537,4864000
538,5217900
539,4888500
540,4937800
541,5013600
542,5177500
543,5168400
544,4914500
545,5135200
546,5574200
547,5645900
548,5440000
549,7565700
550,4942400
551,5059700
552,4932500
553,4966600
554,4834600
555,5462200
556,5011400
557,5331100
558,5149000
559,4834900
560,4829400
561,4914200
562,4885200
563,4826100
564,5340300
565,4949300
566,4844700
567,5047900
568,4980600
569,4997100
570,5218900
571,4818300
572,5213000
573,5135300
574,5005000
575,5190700
576,5042200
577,5050800
578,4965700
579,4883600
580,5234500
581,4924400
582,4989900
583,5410200
584,4921400
585,4885700
586,5220800
587,4958700
588,5066100
589,5014400
590,4978700
591,4833700
592,5092700
593,4909900
594,4834100
595,5059200
596,5008200
597,5009400
598,5008400
599,4955800
600,4883300
