Test,Time
1,243800
2,18600
3,17600
4,17400
5,17400
6,18200
7,17300
8,17300
9,18000
10,17800
11,17800
12,17600
13,17400
14,17400
15,17400
16,20500
17,17300
18,17800
19,17400
20,17500
21,17400
22,17500
23,18100
24,18400
25,17300
26,17700
27,17700
28,17500
29,18000
30,18000
31,17400
32,17700
33,17300
34,17500
35,17200
36,18200
37,17700
38,17400
39,17400
40,17400
41,17300
42,17700
43,17500
44,17200
45,17500
46,17600
47,17500
48,18600
49,17500
50,17500
51,19900
52,17500
53,17100
54,17000
55,17300
56,17000
57,17200
58,16900
59,17100
60,16800
61,12000
62,8000
63,6900
64,20800
65,17200
66,10500
67,9000
68,7700
69,6200
70,17300
71,11500
72,10100
73,8800
74,7400
75,6600
76,17000
77,11100
78,9900
79,8500
80,7200
81,5900
82,17100
83,28700
84,23300
85,8400
86,4600
87,3400
88,3500
89,3400
90,3500
91,3400
92,3400
93,98600
94,3600
95,3400
96,3400
97,3500
98,3400
99,4700
100,3400
101,3400
102,3400
103,3400
104,3400
105,3400
106,4100
107,3400
108,3500
109,3400
110,3400
111,3400
112,3400
113,4200
114,3300
115,3400
116,3400
117,3400
118,3400
119,3400
120,4000
121,3500
122,3500
123,3400
124,5800
125,3500
126,3400
127,4400
128,4200
129,3500
130,3400
131,3400
132,3400
133,3400
134,4300
135,3400
136,3400
137,3400
138,3400
139,3500
140,4100
141,3400
142,3400
143,3400
144,3400
145,3400
146,3400
147,4100
148,3400
149,3400
150,3400
151,3400
152,3400
153,3400
154,4000
155,3400
156,3400
157,3400
158,3400
159,3400
160,3400
161,4100
162,3400
163,3500
164,3500
165,3500
166,3500
167,3400
168,55900
169,5800
170,3500
171,3400
172,3400
173,3400
174,3400
175,33500
176,3500
177,3400
178,3500
179,3400
180,3400
181,4300
182,3400
183,3400
184,3500
185,3400
186,3400
187,3400
188,4200
189,3400
190,3300
191,3900
192,3400
193,3500
194,3300
195,25700
196,3400
197,3400
198,3400
199,3500
200,3400
201,3500
202,35800
203,3500
204,3400
205,3500
206,3400
207,3400
208,3500
209,32500
210,3400
211,3400
212,3400
213,3400
214,3400
215,3400
216,41200
217,3500
218,3400
219,3400
220,3400
221,3400
222,4500
223,3500
224,3400
225,3400
226,3400
227,3500
228,3400
229,4400
230,3400
231,3500
232,7300
233,3400
234,3400
235,3400
236,57700
237,3500
238,3400
239,3400
240,3400
241,3400
242,3400
243,38200
244,3500
245,3400
246,3500
247,3400
248,3500
249,3400
250,45100
251,3400
252,3400
253,3400
254,3400
255,3800
256,4100
257,41000
258,4500
259,5000
260,3400
261,3400
262,3400
263,5200
264,3400
265,3400
266,3400
267,3400
268,3400
269,3400
270,4300
271,3400
272,3400
273,3400
274,3400
275,3300
276,3500
277,29300
278,3400
279,3300
280,3400
281,3400
282,3300
283,3400
284,35000
285,3500
286,3400
287,3400
288,3400
289,3400
290,3400
291,31700
292,3400
293,3400
294,3400
295,3400
296,3400
297,3500
298,29700
299,3400
300,3400
301,3400
302,3400
303,3500
304,4500
305,3400
306,3400
307,3400
308,3400
309,3400
310,3400
311,4300
312,3400
313,3400
314,3400
315,3500
316,3400
317,3400
318,4300
319,1700
320,1000
321,1100
322,1000
323,1000
324,1000
325,1000
326,1000
327,900
328,1000
329,1000
330,1000
331,1000
332,1000
333,1000
334,1000
335,1000
336,1000
337,1000
338,1000
339,1000
340,1000
341,1000
342,1000
343,900
344,1000
345,1000
346,1000
347,1000
348,1000
349,1000
350,1000
351,1000
352,1100
353,1000
354,1100
355,1000
356,1000
357,1000
358,1000
359,1000
360,1000
361,1000
362,1000
363,1000
364,1000
365,1000
366,900
367,1000
368,1000
369,1000
370,1100
371,1000
372,1000
373,1000
374,1000
375,1000
376,1000
377,1000
378,1000
379,900
380,1000
381,1000
382,1000
383,12600
384,1800
385,1000
386,1000
387,900
388,1000
389,1000
390,900
391,1000
392,900
393,900
394,1000
395,900
396,900
397,900
398,1000
399,1000
400,900
401,900
402,900
403,900
404,900
405,900
406,900
407,900
408,1000
409,1000
410,1000
411,1000
412,1000
413,900
414,900
415,1000
416,900
417,1000
418,900
419,900
420,900
421,900
422,1000
423,1000
424,900
425,900
426,1000
427,900
428,1000
429,900
430,1000
431,1000
432,900
433,900
434,900
435,900
436,1000
437,900
438,900
439,900
440,1000
441,1000
442,900
443,900
444,900
445,1000
446,900
447,1000
448,900
449,900
450,900
451,900
452,900
453,1000
454,1000
455,900
456,900
457,900
458,1000
459,1000
460,900
461,900
462,900
463,1000
464,900
465,900
466,900
467,1000
468,900
469,900
470,900
471,900
472,900
473,900
474,1000
475,1000
476,900
477,900
478,900
479,900
480,900
481,900
482,1000
483,900
484,800
485,1000
486,900
487,900
488,900
489,900
490,900
491,900
492,900
493,900
494,900
495,900
496,900
497,900
498,800
499,900
500,1000
501,900
502,900
503,900
504,900
505,1000
506,800
507,900
508,900
509,900
510,900
511,1000
512,24400
513,1000
514,1000
515,900
516,1000
517,900
518,900
519,2500
520,900
521,900
522,900
523,800
524,900
525,800
526,900
527,900
528,900
529,900
530,800
531,800
532,900
533,900
534,900
535,900
536,900
537,900
538,900
539,900
540,900
541,900
542,900
543,900
544,900
545,900
546,900
547,900
548,900
549,900
550,900
551,900
552,900
553,800
554,900
555,800
556,800
557,900
558,900
559,900
560,800
561,900
562,900
563,800
564,900
565,900
566,900
567,900
568,900
569,900
570,900
571,900
572,900
573,1000
574,1000
575,1000
576,1000
577,900
578,900
579,900
580,800
581,900
582,900
583,900
584,900
585,900
586,900
587,1000
588,900
589,1000
590,1000
591,1000
592,900
593,900
594,900
595,900
596,900
597,900
598,900
599,900
600,1000
