Test,Time
1,3261200
2,817800
3,823700
4,820300
5,709700
6,361400
7,384500
8,362000
9,360900
10,359000
11,358100
12,440600
13,276800
14,277400
15,275800
16,304700
17,277000
18,275200
19,275500
20,277400
21,275400
22,275500
23,277900
24,275200
25,275300
26,275200
27,275400
28,275400
29,275100
30,277400
31,275300
32,275800
33,283400
34,275400
35,275400
36,278100
37,275100
38,275200
39,277200
40,275200
41,275400
42,277100
43,275300
44,275300
45,277100
46,275500
47,275200
48,276800
49,275200
50,275200
51,277200
52,275300
53,275200
54,275200
55,275500
56,275300
57,275500
58,277200
59,275400
60,275200
61,277200
62,275700
63,275600
64,277400
65,275300
66,275600
67,276800
68,275200
69,275000
70,277200
71,275200
72,275200
73,277300
74,275100
75,275300
76,277300
77,275300
78,275200
79,304400
80,276800
81,275900
82,277500
83,276000
84,275900
85,279000
86,275500
87,275400
88,275600
89,275700
90,275600
91,275200
92,277600
93,275300
94,275600
95,276900
96,275800
97,275700
98,277400
99,275400
100,275300
101,294600
102,285200
103,275900
104,282200
105,275700
106,275500
107,280500
108,275500
109,275300
110,279800
111,275300
112,275100
113,278800
114,275200
115,275400
116,278900
117,275200
118,285000
119,275500
120,275300
121,275200
122,275200
123,275800
124,275000
125,275100
126,327000
127,302500
128,279500
129,275800
130,276100
131,277400
132,276200
133,278200
134,278400
135,275000
136,275300
137,275300
138,277000
139,274900
140,275300
141,276900
142,275400
143,275400
144,277500
145,275500
146,275200
147,277500
148,275100
149,275400
150,276900
151,275000
152,275200
153,275200
154,276800
155,275300
156,275400
157,277000
158,275300
159,275300
160,277100
161,275500
162,275100
163,278100
164,275000
165,274800
166,275400
167,275600
168,275300
169,275300
170,277200
171,275400
172,275500
173,294000
174,276700
175,275800
176,278500
177,276300
178,275300
179,277200
180,275500
181,275300
182,277100
183,275300
184,275400
185,275600
186,277700
187,275600
188,275400
189,277000
190,274900
191,275400
192,277700
193,275300
194,275400
195,277400
196,275400
197,275300
198,275200
199,277300
200,275200
201,275200
202,277900
203,275500
204,275200
205,277000
206,275500
207,275400
208,275400
209,275800
210,275300
211,275400
212,277400
213,275200
214,276200
215,277800
216,275400
217,275500
218,277400
219,275300
220,275100
221,275300
222,282200
223,275200
224,275500
225,277300
226,275600
227,275100
228,277400
229,275400
230,275600
231,275300
232,277700
233,275800
234,275500
235,278100
236,275300
237,275100
238,277700
239,275500
240,275800
241,275300
242,277600
243,276000
244,276100
245,277900
246,275700
247,275200
248,277100
249,275500
250,275300
251,275500
252,277400
253,275300
254,275400
255,277300
256,275500
257,276400
258,277900
259,275500
260,275800
261,277300
262,275200
263,275900
264,275500
265,277500
266,275600
267,276000
268,278400
269,275800
270,275400
271,277500
272,275800
273,275600
274,275200
275,277500
276,275300
277,275100
278,277300
279,275600
280,276000
281,275200
282,277200
283,275000
284,275200
285,276900
286,275400
287,275100
288,275400
289,275100
290,275400
291,275400
292,277200
293,275500
294,275200
295,277200
296,275000
297,275200
298,275000
299,277200
300,275300
301,275400
302,277600
303,275600
304,275500
305,275100
306,276900
307,275500
308,275300
309,277000
310,275200
311,275200
312,277500
313,275400
314,275600
315,275200
316,277200
317,275500
318,275200
319,277300
320,275000
321,275400
322,275000
323,284800
324,275400
325,275500
326,277500
327,276300
328,275200
329,277500
330,275200
331,275200
332,275100
333,277300
334,275000
335,275200
336,277200
337,275100
338,274900
339,275100
340,276500
341,275300
342,275100
343,277200
344,275600
345,275200
346,278600
347,275000
348,275200
349,275100
350,276900
351,275200
352,275500
353,276800
354,275200
355,275100
356,275200
357,277100
358,275300
359,275200
360,277900
361,275100
362,275200
363,274900
364,276800
365,275200
366,275300
367,277100
368,275100
369,275200
370,275100
371,277300
372,275100
373,275300
374,302800
375,276200
376,275800
377,275600
378,278700
379,275500
380,275400
381,277400
382,275300
383,275300
384,277700
385,275800
386,276000
387,275600
388,276700
389,275400
390,275300
391,277200
392,275500
393,275400
394,275500
395,280100
396,275100
397,275200
398,276800
399,275200
400,275200
401,275000
402,276800
403,275000
404,275300
405,277000
406,274900
407,275100
408,275200
409,276800
410,275100
411,275200
412,277000
413,275200
414,275300
415,275200
416,276700
417,275200
418,275200
419,276700
420,275700
421,275200
422,275100
423,276900
424,275400
425,275100
426,275100
427,297300
428,276000
429,275500
430,277800
431,275600
432,275900
433,277500
434,275600
435,275700
436,275400
437,278000
438,280400
439,284000
440,289300
441,285900
442,277900
443,277400
444,277200
445,275800
446,275400
447,277100
448,275600
449,275900
450,275600
451,277500
452,275600
453,275700
454,277200
455,275600
456,275600
457,275400
458,277000
459,275600
460,275200
461,277700
462,276000
463,276000
464,276000
465,279800
466,275200
467,275200
468,276600
469,275200
470,275600
471,275400
472,277400
473,275400
474,275600
475,277600
476,275900
477,275300
478,275400
479,282700
480,275300
481,275100
482,279400
483,275700
484,275700
485,276000
486,278000
487,275300
488,275200
489,277700
490,275200
491,275100
492,275200
493,276900
494,275100
495,274700
496,275000
497,275100
498,275600
499,276400
500,278700
501,276100
502,276000
503,275200
504,275800
505,275500
506,275600
507,277200
508,276400
509,275600
510,276300
511,275100
512,275300
513,275700
514,278300
515,275700
516,276200
517,277800
518,275500
519,275600
520,275600
521,278600
522,277400
523,279000
524,279300
525,275200
526,274900
527,275200
528,276700
529,275100
530,275600
531,283000
532,275600
533,275100
534,275100
535,277400
536,275000
537,275200
538,276900
539,275300
540,275300
541,275200
542,277400
543,275200
544,275200
545,277500
546,275600
547,275800
548,275700
549,276900
550,275600
551,275200
552,276900
553,275700
554,275200
555,275200
556,277200
557,275300
558,274800
559,275400
560,275200
561,275300
562,275000
563,276600
564,275100
565,275400
566,275300
567,277000
568,275500
569,275100
570,276900
571,274700
572,275800
573,275500
574,276900
575,275300
576,275400
577,277100
578,276900
579,276000
580,275400
581,277600
582,275200
583,275100
584,283300
585,272400
586,275700
587,275200
588,277300
589,275700
590,275900
591,277700
592,275500
593,275400
594,275300
595,277000
596,275000
597,275400
598,277300
599,275400
600,275300
