Test,Time
1,3358800
2,828600
3,824000
4,819600
5,709800
6,368600
7,360400
8,359500
9,454100
10,358100
11,360600
12,358500
13,276600
14,276800
15,275700
16,295600
17,277700
18,275600
19,275600
20,277300
21,275500
22,275500
23,277300
24,275400
25,275500
26,277500
27,275300
28,275500
29,277000
30,275300
31,275300
32,277900
33,275400
34,275300
35,276900
36,275600
37,275600
38,277100
39,275400
40,275600
41,275500
42,275800
43,275400
44,275400
45,275700
46,275700
47,275700
48,277400
49,275400
50,275300
51,277000
52,275600
53,275300
54,277200
55,275600
56,275500
57,277100
58,275500
59,276000
60,278700
61,275400
62,275400
63,301500
64,278000
65,276900
66,278200
67,276200
68,275700
69,277700
70,275500
71,276000
72,278300
73,276100
74,275900
75,277500
76,275800
77,275900
78,275700
79,275600
80,275400
81,275900
82,277400
83,275600
84,275900
85,278000
86,275900
87,275500
88,280400
89,276000
90,275900
91,277700
92,275800
93,276200
94,277600
95,275500
96,275900
97,277600
98,275800
99,275900
100,276000
101,277500
102,275700
103,275600
104,277200
105,275600
106,275600
107,277700
108,275700
109,275800
110,287900
111,275600
112,276100
113,277900
114,275700
115,275600
116,277800
117,275800
118,275600
119,275600
120,277300
121,275900
122,275700
123,277500
124,275600
125,276000
126,278000
127,288500
128,276000
129,277500
130,276000
131,275400
132,277400
133,275600
134,275600
135,286700
136,275500
137,275600
138,277400
139,275800
140,275300
141,275500
142,277200
143,275800
144,275600
145,277700
146,275400
147,275500
148,277700
149,275700
150,275800
151,278000
152,276100
153,276500
154,278000
155,275700
156,275800
157,276100
158,279400
159,275600
160,275600
161,278400
162,276500
163,275700
164,277300
165,275600
166,275500
167,277300
168,275700
169,276100
170,277700
171,276100
172,275800
173,278500
174,275400
175,276200
176,275600
177,277900
178,275800
179,275800
180,277700
181,276100
182,276000
183,286100
184,276000
185,276200
186,278400
187,276100
188,276500
189,276200
190,276300
191,275600
192,275500
193,277800
194,275400
195,275800
196,278300
197,275700
198,276300
199,277700
200,275700
201,275700
202,275900
203,277500
204,275400
205,275700
206,279200
207,276200
208,275700
209,278200
210,275900
211,275900
212,275500
213,276000
214,275800
215,275800
216,278000
217,276200
218,276500
219,277800
220,275900
221,276000
222,278300
223,276200
224,276900
225,276400
226,277200
227,275500
228,275700
229,277900
230,276400
231,275600
232,279600
233,275900
234,275700
235,275500
236,277500
237,276000
238,275800
239,277600
240,275700
241,276200
242,276600
243,275900
244,276100
245,276200
246,278000
247,275800
248,275300
249,278200
250,276100
251,276300
252,278200
253,275900
254,275600
255,276800
256,276100
257,275700
258,278200
259,275700
260,275900
261,275900
262,277500
263,275500
264,275300
265,278300
266,275600
267,275600
268,275400
269,275800
270,275700
271,275900
272,278100
273,275800
274,276100
275,277900
276,276000
277,275500
278,275600
279,277900
280,275700
281,275600
282,279600
283,276100
284,275600
285,276100
286,276100
287,275800
288,275700
289,278000
290,275800
291,275400
292,277700
293,275500
294,275900
295,275800
296,277800
297,275900
298,276200
299,277600
300,275800
301,275800
302,275600
303,277600
304,276400
305,275700
306,278600
307,275500
308,275700
309,277800
310,275600
311,276200
312,276200
313,278500
314,276700
315,276100
316,277800
317,276000
318,275600
319,275800
320,275700
321,275600
322,275900
323,277700
324,276000
325,275900
326,277900
327,275700
328,275500
329,275800
330,277400
331,276100
332,275800
333,289100
334,276100
335,275500
336,276400
337,276400
338,275600
339,275700
340,277900
341,275800
342,275900
343,278400
344,275900
345,275500
346,275300
347,277200
348,275400
349,275400
350,278400
351,276100
352,275600
353,276400
354,278300
355,276200
356,276000
357,280400
358,275700
359,276000
360,276200
361,277900
362,276200
363,275500
364,278100
365,276000
366,275500
367,276000
368,277300
369,275900
370,275700
371,278200
372,276600
373,275900
374,275800
375,278700
376,275700
377,276100
378,277300
379,275700
380,276000
381,277700
382,275300
383,276500
384,275900
385,279600
386,276000
387,276000
388,278200
389,275400
390,275700
391,275600
392,277600
393,275700
394,275700
395,277500
396,276000
397,275500
398,275400
399,278400
400,275500
401,275700
402,278200
403,275700
404,275900
405,276100
406,277900
407,275800
408,275900
409,295500
410,276100
411,275700
412,276000
413,277400
414,276500
415,276500
416,278100
417,275600
418,275700
419,275900
420,277700
421,276400
422,276300
423,278700
424,275400
425,276000
426,276000
427,277300
428,275500
429,275200
430,277600
431,276000
432,275500
433,275700
434,275300
435,275500
436,275500
437,279600
438,275900
439,275800
440,276500
441,275900
442,275900
443,275900
444,277700
445,275900
446,275900
447,277300
448,275800
449,275600
450,275800
451,277200
452,276000
453,275700
454,277600
455,275500
456,276300
457,276200
458,278000
459,275800
460,275800
461,304300
462,277700
463,275600
464,277600
465,277800
466,275600
467,275600
468,277600
469,275800
470,275400
471,275600
472,277500
473,275700
474,275600
475,277500
476,276000
477,275500
478,275400
479,277300
480,275700
481,275900
482,278300
483,276800
484,277000
485,276500
486,278400
487,275200
488,278400
489,288600
490,275900
491,276200
492,278700
493,275900
494,275700
495,275700
496,277900
497,277000
498,276300
499,279100
500,276600
501,275600
502,276100
503,278300
504,276800
505,276700
506,278900
507,275600
508,275900
509,275700
510,276900
511,275300
512,275700
513,279500
514,275600
515,275900
516,278000
517,276200
518,275700
519,275700
520,277500
521,275300
522,275300
523,277600
524,276100
525,275900
526,276200
527,277800
528,276000
529,276000
530,277200
531,275400
532,275200
533,275700
534,277900
535,277100
536,275600
537,279600
538,275800
539,275900
540,275400
541,279600
542,276200
543,275700
544,277700
545,275400
546,276000
547,275700
548,278000
549,275700
550,275800
551,277600
552,276000
553,276000
554,275500
555,277400
556,275700
557,275600
558,277700
559,276000
560,275700
561,275900
562,278300
563,275900
564,275700
565,275500
566,280400
567,275800
568,275500
569,277900
570,276000
571,276200
572,275300
573,277600
574,275600
575,275500
576,277500
577,275700
578,275900
579,275700
580,277400
581,275800
582,275200
583,277300
584,275500
585,275700
586,276000
587,277400
588,275400
589,275600
590,277700
591,275700
592,275600
593,276400
594,279900
595,276200
596,276000
597,277500
598,275300
599,276000
600,275900
