Test,Time
1,3272900
2,662900
3,703100
4,676600
5,667500
6,950800
7,358400
8,267300
9,273100
10,263600
11,262700
12,281600
13,275000
14,284200
15,278000
16,242000
17,241800
18,244100
19,241300
20,259100
21,244000
22,241400
23,241300
24,298300
25,294400
26,101600
27,101200
28,100700
29,100800
30,106000
31,100500
32,100400
33,100500
34,100600
35,100500
36,100400
37,100400
38,100300
39,100600
40,100600
41,100300
42,100800
43,102700
44,100400
45,100300
46,100400
47,100300
48,100300
49,100300
50,102700
51,100400
52,100500
53,100500
54,104300
55,100400
56,100400
57,100400
58,100500
59,100500
60,100300
61,100400
62,100300
63,100900
64,100400
65,100500
66,100500
67,113600
68,100500
69,100700
70,100600
71,100400
72,100300
73,100300
74,102600
75,100300
76,100300
77,100400
78,100500
79,100400
80,100400
81,102800
82,100500
83,100300
84,100300
85,100500
86,100500
87,100400
88,102900
89,100500
90,100400
91,100700
92,100400
93,100300
94,100200
95,103000
96,100300
97,100300
98,100200
99,100300
100,100400
101,100300
102,102600
103,100300
104,100400
105,100300
106,100300
107,100300
108,100200
109,100300
110,100200
111,100300
112,100300
113,100200
114,100200
115,100200
116,100200
117,102400
118,100300
119,100400
120,100300
121,100300
122,100500
123,100600
124,102300
125,100300
126,100400
127,100900
128,100600
129,100900
130,103100
131,100500
132,100500
133,100500
134,100500
135,100300
136,100400
137,100500
138,112900
139,100600
140,100600
141,100700
142,100500
143,100300
144,100400
145,102900
146,100300
147,100300
148,100300
149,100500
150,100500
151,100400
152,102900
153,100400
154,100400
155,100300
156,100200
157,100300
158,100300
159,100200
160,100200
161,100300
162,100200
163,100300
164,100300
165,100400
166,100300
167,102500
168,100300
169,100300
170,100800
171,100900
172,100500
173,100600
174,100500
175,100500
176,100600
177,100500
178,100500
179,100600
180,100400
181,102800
182,100500
183,100300
184,100400
185,100400
186,100400
187,100500
188,102100
189,100500
190,100400
191,101000
192,100400
193,100500
194,100400
195,100400
196,102500
197,100500
198,100500
199,100400
200,100500
201,100400
202,100400
203,100300
204,100400
205,100400
206,100300
207,100400
208,100300
209,100300
210,100200
211,102500
212,100300
213,100600
214,100600
215,100500
216,100600
217,100700
218,100700
219,100500
220,100600
221,100600
222,100400
223,100400
224,100300
225,100400
226,100300
227,100200
228,100200
229,100200
230,100300
231,100200
232,100200
233,100300
234,100600
235,100300
236,100200
237,100300
238,100200
239,100400
240,100300
241,100300
242,100300
243,102500
244,100300
245,100600
246,100700
247,100800
248,100700
249,100700
250,131600
251,116200
252,101400
253,101400
254,100900
255,117300
256,100700
257,101000
258,100800
259,100600
260,100600
261,100500
262,100500
263,101800
264,103000
265,100300
266,100400
267,100400
268,100300
269,100600
270,100400
271,100600
272,102400
273,100600
274,100300
275,100400
276,100200
277,100400
278,100300
279,100300
280,100300
281,102400
282,100300
283,100200
284,100200
285,100300
286,100200
287,100300
288,100500
289,113600
290,100400
291,100700
292,100300
293,100200
294,100200
295,100200
296,100300
297,100300
298,100200
299,100300
300,100200
301,100500
302,100300
303,100400
304,100200
305,100200
306,102600
307,100300
308,100300
309,100400
310,101300
311,100300
312,100400
313,100300
314,102500
315,100400
316,100400
317,100400
318,100400
319,100400
320,100200
321,100400
322,101800
323,100300
324,100300
325,100300
326,100400
327,100500
328,100400
329,100600
330,100700
331,103700
332,100300
333,100500
334,100400
335,100300
336,100200
337,100200
338,101500
339,100400
340,100200
341,100400
342,100300
343,100400
344,100300
345,100200
346,100300
347,101400
348,102800
349,100200
350,100400
351,100300
352,100200
353,100200
354,100100
355,100200
356,100200
357,100200
358,100200
359,100300
360,100200
361,100500
362,100200
363,100200
364,100200
365,102600
366,100200
367,100400
368,100300
369,100200
370,100200
371,100300
372,101300
373,100300
374,112200
375,100300
376,100400
377,100400
378,100400
379,100400
380,100400
381,100600
382,102800
383,100600
384,100500
385,100400
386,100400
387,100500
388,100600
389,100600
390,100500
391,100400
392,100400
393,100300
394,100300
395,100300
396,100200
397,100400
398,100500
399,103600
400,100500
401,100100
402,100300
403,100600
404,101200
405,100700
406,103800
407,100800
408,103800
409,100400
410,100300
411,100300
412,100900
413,100500
414,100500
415,100400
416,100200
417,112900
418,100300
419,100300
420,100500
421,100200
422,100100
423,100200
424,100200
425,100100
426,102600
427,100300
428,100200
429,100400
430,100100
431,100100
432,100200
433,100300
434,101200
435,102300
436,100300
437,100200
438,100100
439,100200
440,100200
441,100200
442,100200
443,100300
444,102500
445,100200
446,100200
447,100500
448,100200
449,100100
450,100100
451,100100
452,100200
453,102300
454,100200
455,100200
456,100100
457,100100
458,100200
459,100400
460,100300
461,100300
462,102600
463,100300
464,100200
465,100300
466,100200
467,100500
468,100200
469,100100
470,100200
471,102400
472,100500
473,100500
474,100300
475,100400
476,100600
477,100200
478,100400
479,100400
480,104500
481,100200
482,100400
483,100200
484,100300
485,100200
486,100300
487,100200
488,100200
489,102600
490,100200
491,100600
492,100400
493,101200
494,100800
495,100400
496,100500
497,100700
498,103500
499,101100
500,101000
501,100900
502,100400
503,100600
504,100700
505,101900
506,106100
507,144900
508,149700
509,140000
510,123800
511,153500
512,193000
513,101900
514,101100
515,100800
516,100800
517,100800
518,100700
519,117100
520,100500
521,100600
522,100500
523,100500
524,100600
525,100500
526,109600
527,104100
528,100700
529,100600
530,100400
531,100500
532,100500
533,100600
534,100600
535,100400
536,104300
537,100600
538,100200
539,100200
540,100300
541,100200
542,100100
543,100100
544,100400
545,105600
546,100400
547,100700
548,100800
549,101300
550,100400
551,100200
552,100500
553,143000
554,163700
555,112700
556,100900
557,100600
558,100500
559,100600
560,100200
561,100100
562,102700
563,100200
564,100200
565,100200
566,100200
567,100200
568,100200
569,100300
570,100200
571,102300
572,100300
573,100400
574,100300
575,100800
576,100400
577,100300
578,100200
579,100100
580,100400
581,100500
582,100300
583,100200
584,100300
585,100200
586,100500
587,100500
588,100500
589,100200
590,103100
591,100400
592,100300
593,100300
594,100400
595,100200
596,100200
597,100100
598,100200
599,102800
600,100100
