Test,Time
1,3357700
2,764000
3,685000
4,683100
5,719400
6,898000
7,782000
8,1092300
9,1185700
10,1268500
11,192300
12,190600
13,178500
14,181200
15,178700
16,177800
17,178400
18,177700
19,181000
20,177800
21,186700
22,179300
23,221200
24,178700
25,197000
26,177900
27,181600
28,177900
29,178600
30,178700
31,178600
32,177900
33,178700
34,181800
35,178300
36,178200
37,178400
38,180800
39,180800
40,181100
41,182600
42,184200
43,179100
44,178900
45,205300
46,201200
47,201000
48,201300
49,201100
50,200800
51,200900
52,201000
53,201000
54,200700
55,203000
56,202200
57,203500
58,207200
59,207300
60,200800
61,200900
62,201200
63,201600
64,201100
65,201000
66,201100
67,202600
68,201100
69,201100
70,201000
71,201700
72,201400
73,201700
74,224900
75,235700
76,238000
77,202100
78,203800
79,200700
80,200900
81,201200
82,203300
83,201400
84,201000
85,201000
86,226600
87,201300
88,201300
89,202100
90,204400
91,200700
92,201100
93,200700
94,203500
95,201000
96,201100
97,201600
98,203900
99,200800
100,200700
101,200700
102,203100
103,200900
104,200900
105,200900
106,205700
107,202700
108,201600
109,201100
110,206200
111,201200
112,201000
113,201300
114,201100
115,200800
116,201200
117,200800
118,200800
119,203000
120,201000
121,201000
122,200900
123,203600
124,202900
125,201900
126,200700
127,204300
128,200900
129,200800
130,201100
131,203200
132,200700
133,200800
134,200900
135,203400
136,200900
137,201000
138,200600
139,203100
140,201600
141,202600
142,202000
143,204400
144,201100
145,201100
146,201000
147,201400
148,201600
149,201400
150,200800
151,201000
152,200700
153,201000
154,200600
155,200700
156,202800
157,201000
158,202800
159,202800
160,204800
161,201400
162,200800
163,201200
164,204100
165,201500
166,200900
167,200900
168,203400
169,201000
170,201300
171,201100
172,213100
173,201000
174,201200
175,208700
176,204200
177,214200
178,201300
179,201000
180,204000
181,201100
182,201500
183,201500
184,201300
185,203300
186,201400
187,201000
188,201100
189,203200
190,201000
191,214000
192,207600
193,206100
194,203600
195,201400
196,201600
197,204300
198,201400
199,201000
200,201100
201,204300
202,202500
203,201200
204,201100
205,201300
206,201000
207,200600
208,200800
209,201200
210,315100
211,202400
212,218000
213,322600
214,361700
215,359600
216,361100
217,269400
218,201500
219,201300
220,201300
221,200900
222,203500
223,201600
224,202800
225,201000
226,203500
227,200600
228,200700
229,201100
230,201100
231,206000
232,201100
233,201100
234,202300
235,203100
236,201200
237,200700
238,201100
239,201900
240,201400
241,230000
242,202600
243,214000
244,201700
245,201000
246,200900
247,200900
248,203600
249,201300
250,200800
251,202400
252,203400
253,201000
254,201200
255,201000
256,203100
257,201000
258,202300
259,202700
260,242600
261,202500
262,202300
263,201200
264,204500
265,201100
266,200900
267,200900
268,201900
269,205600
270,201200
271,200600
272,200900
273,201200
274,201800
275,200800
276,201000
277,203500
278,206200
279,202400
280,204000
281,202300
282,204900
283,201100
284,200500
285,200700
286,201900
287,203700
288,200900
289,201100
290,200800
291,202900
292,200800
293,200600
294,200900
295,201000
296,207600
297,203400
298,203500
299,202100
300,200900
301,201000
302,200800
303,201100
304,200800
305,202800
306,200500
307,200300
308,201400
309,201100
310,203200
311,201100
312,200800
313,201200
314,203600
315,203200
316,203400
317,201200
318,200700
319,202300
320,201900
321,202000
322,201300
323,203200
324,201000
325,200900
326,201200
327,200900
328,203300
329,201200
330,201000
331,201100
332,203100
333,201700
334,203600
335,203900
336,201200
337,230800
338,201300
339,201000
340,200800
341,203700
342,200900
343,201100
344,201100
345,201200
346,202100
347,201200
348,201000
349,201100
350,204000
351,201000
352,202200
353,201900
354,203000
355,205500
356,202900
357,203600
358,201600
359,204200
360,200800
361,201700
362,200800
363,201600
364,215800
365,202000
366,201300
367,200900
368,201200
369,200800
370,200800
371,201700
372,208800
373,214900
374,209200
375,201500
376,201500
377,204500
378,201200
379,201000
380,200800
381,200900
382,203800
383,201100
384,200800
385,201100
386,203600
387,201000
388,201000
389,201000
390,207800
391,271000
392,374700
393,299100
394,204400
395,201200
396,200800
397,201000
398,203700
399,201100
400,201400
401,201300
402,202400
403,217600
404,205400
405,203600
406,202200
407,215400
408,213700
409,204200
410,204200
411,205900
412,206200
413,203400
414,201200
415,202200
416,205200
417,202500
418,201600
419,201500
420,201300
421,204900
422,201300
423,200900
424,200900
425,201100
426,203500
427,214200
428,201900
429,202800
430,208000
431,201100
432,201200
433,201100
434,201100
435,203400
436,200700
437,200900
438,201300
439,201600
440,203700
441,201400
442,202000
443,201400
444,203800
445,201700
446,210100
447,202400
448,203900
449,205200
450,202000
451,201200
452,201300
453,202900
454,204800
455,202100
456,202200
457,201800
458,204900
459,324000
460,201200
461,201000
462,204400
463,202900
464,203600
465,207900
466,203400
467,222600
468,201500
469,201700
470,200900
471,238200
472,226800
473,201500
474,201200
475,203900
476,201900
477,214800
478,201300
479,201300
480,204100
481,201200
482,201300
483,212500
484,215400
485,231600
486,252000
487,201200
488,201000
489,203500
490,201400
491,200700
492,200900
493,202700
494,201800
495,201500
496,201400
497,200800
498,216400
499,202000
500,203300
501,204400
502,255000
503,389100
504,234600
505,353300
506,384400
507,389100
508,387300
509,386800
510,388100
511,386400
512,388100
513,388000
514,385800
515,385300
516,386800
517,389500
518,386700
519,387900
520,388100
521,387300
522,385900
523,360300
524,375700
525,367300
526,360000
527,363200
528,370200
529,322900
530,201400
531,201200
532,201300
533,200900
534,204700
535,201000
536,238700
537,201700
538,211300
539,283800
540,273400
541,202000
542,207800
543,292000
544,390400
545,269800
546,269100
547,204200
548,201300
549,201200
550,253100
551,276300
552,275800
553,233800
554,201200
555,204600
556,201700
557,201200
558,201000
559,201600
560,203300
561,201600
562,201700
563,201400
564,855000
565,1530900
566,204300
567,202800
568,210100
569,343200
570,320400
571,320400
572,294800
573,340500
574,363300
575,202000
576,226000
577,239000
578,298000
579,365500
580,376600
581,379600
582,374300
583,374400
584,368600
585,367900
586,360500
587,360000
588,346600
589,338400
590,339800
591,359500
592,357300
593,374000
594,360900
595,355400
596,339000
597,334100
598,328100
599,324500
600,320500
