9994
9976
9970
9948
9944
9933
9870
9861
9853
9843
9787
9784
9779
9777
9752
9744
9735
9731
9716
9709
9704
9703
9692
9687
9687
9685
9677
9665
9624
9612
9611
9587
9566
9563
9555
9553
9546
9531
9516
9515
9443
9419
9415
9410
9400
9395
9383
9381
9367
9365
9343
9333
9325
9298
9283
9283
9250
9235
9226
9200
9191
9164
9162
9150
9145
9145
9133
9123
9123
9118
9109
9075
9050
9041
9028
9028
9023
8983
8980
8977
8966
8961
8956
8953
8945
8925
8911
8910
8906
8905
8878
8866
8864
8851
8839
8838
8830
8801
8793
8790
8789
8769
8768
8765
8763
8754
8749
8720
8704
8690
8685
8662
8647
8550
8537
8534
8513
8507
8507
8483
8479
8464
8451
8444
8441
8421
8411
8405
8370
8365
8353
8310
8287
8274
8271
8266
8258
8244
8232
8228
8211
8195
8163
8150
8143
8127
8120
8118
8057
8056
8029
8017
8007
7993
7991
7990
7984
7966
7955
7953
7944
7938
7912
7900
7895
7887
7883
7870
7868
7854
7838
7795
7790
7789
7786
7783
7778
7772
7762
7759
7754
7740
7714
7703
7689
7659
7656
7654
7648
7638
7629
7615
7610
7593
7586
7580
7580
7562
7540
7507
7498
7491
7485
7480
7470
7465
7458
7450
7439
7392
7351
7336
7330
7330
7311
7303
7301
7275
7254
7254
7238
7236
7220
7212
7208
7139
7130
7124
7085
7076
7068
7065
7058
7052
7023
7006
7005
6984
6956
6943
6925
6899
6883
6859
6843
6823
6789
6784
6771
6764
6756
6750
6740
6694
6660
6657
6650
6649
6629
6569
6554
6550
6549
6545
6543
6543
6505
6499
6487
6461
6427
6412
6412
6391
6373
6372
6371
6326
6324
6321
6292
6275
6250
6237
6234
6226
6223
6189
6183
6167
6119
6091
6084
6076
6030
6029
6019
6001
5998
5998
5987
5963
5961
5959
5951
5950
5948
5920
5911
5882
5879
5855
5851
5838
5837
5833
5799
5767
5751
5724
5720
5712
5709
5677
5657
5656
5652
5644
5641
5633
5602
5578
5575
5572
5538
5522
5486
5486
5471
5470
5454
5432
5404
5403
5341
5335
5329
5318
5309
5295
5286
5281
5275
5250
5244
5237
5225
5213
5211
5210
5193
5185
5182
5175
5163
5149
5146
5137
5121
5121
5114
5097
5093
5088
5085
5077
5076
5072
5060
5055
5045
4988
4936
4935
4925
4922
4913
4902
4893
4892
4863
4857
4828
4813
4811
4811
4808
4806
4806
4804
4790
4776
4774
4732
4729
4728
4707
4692
4691
4685
4678
4676
4664
4651
4638
4638
4629
4623
4606
4576
4565
4537
4534
4524
4514
4509
4509
4507
4485
4479
4478
4450
4434
4433
4429
4424
4424
4409
4405
4381
4378
4368
4353
4347
4342
4338
4333
4321
4305
4250
4247
4245
4230
4209
4208
4208
4190
4166
4155
4154
4151
4141
4134
4131
4110
4073
4045
3994
3977
3974
3928
3918
3916
3909
3899
3895
3892
3887
3844
3816
3809
3799
3797
3792
3790
3788
3774
3773
3746
3733
3718
3701
3679
3657
3653
3647
3643
3633
3624
3612
3606
3592
3592
3573
3571
3568
3566
3564
3562
3561
3546
3494
3472
3455
3451
3424
3417
3415
3413
3397
3371
3347
3329
3266
3265
3250
3228
3226
3215
3212
3211
3208
3174
3170
3168
3146
3144
3142
3140
3133
3111
3104
3099
3078
3076
3073
3021
3017
3002
2994
2988
2979
2978
2955
2953
2935
2874
2863
2849
2848
2839
2813
2803
2782
2777
2759
2755
2753
2724
2721
2719
2675
2662
2656
2633
2629
2617
2610
2589
2573
2563
2547
2523
2508
2496
2461
2451
2447
2430
2416
2412
2374
2370
2369
2364
2363
2354
2337
2336
2270
2268
2232
2220
2219
2205
2196
2192
2186
2172
2164
2160
2157
2154
2138
2118
2079
2073
2063
2039
2028
2017
2011
2006
1988
1987
1975
1960
1953
1948
1938
1936
1913
1911
1911
1909
1904
1904
1904
1887
1869
1866
1858
1844
1833
1822
1809
1792
1778
1752
1732
1713
1699
1694
1679
1674
1649
1646
1640
1637
1631
1629
1625
1607
1599
1598
1597
1592
1575
1575
1573
1566
1554
1527
1510
1498
1464
1462
1461
1445
1444
1437
1420
1392
1358
1346
1336
1317
1312
1298
1284
1271
1262
1254
1229
1222
1220
1211
1172
1164
1154
1143
1127
1083
1076
1073
1072
1069
1062
1055
1049
1026
969
964
946
938
915
911
887
884
871
860
856
844
822
780
779
764
760
751
751
745
730
724
724
717
713
703
700
673
670
599
596
588
588
575
563
553
550
537
536
524
522
507
507
501
500
478
476
472
469
453
438
422
415
407
401
395
386
355
352
335
279
256
249
236
234
222
221
209
208
204
203
192
188
182
154
152
151
150
147
136
119
113
107
74
66
63
51
14
7
