5076
2196
4863
1732
9677
4790
7303
3746
2336
7351
2675
8271
2839
9685
9566
6030
9400
4338
8479
3612
5652
599
8195
3718
2617
1554
9075
9752
3895
4381
7236
5572
7311
8444
7580
5210
2118
9587
8866
9162
3994
3250
5471
2755
8956
222
2721
5575
5851
2220
63
4685
4209
2813
4230
2978
7703
1713
1649
3790
6756
3561
2039
1631
7586
1597
1679
1076
4353
8662
7854
5911
1445
938
9665
4935
779
1154
6326
5185
7065
553
6740
7275
6371
8163
9948
2430
9145
9687
2935
9133
5470
1083
670
8118
9395
8507
2777
9235
5522
2629
9343
5149
1911
5060
9516
335
1464
4342
2337
7058
7654
476
9861
234
1211
9118
3592
6956
9283
7593
4808
8266
6984
1975
4429
9325
4485
8953
2848
5950
1420
3170
3017
2017
7507
6019
4676
14
2232
5454
1573
8925
4806
2874
6499
3021
8464
2979
1936
9250
7754
1498
8057
1913
5767
6784
4664
7944
7740
4347
8007
8647
9555
386
4623
3701
7068
4811
7966
6569
6223
1599
5799
3606
7085
3974
4131
1833
884
1284
4806
4450
4208
3679
5709
4925
1694
3564
8483
844
764
3733
9298
3347
8749
4378
3494
3215
3208
9041
9709
2724
3168
9531
2523
8977
8127
9028
154
66
4651
5318
3887
7762
3146
7659
7480
8507
2370
4045
5137
2268
3977
9853
9109
4629
9563
6412
9970
1778
4154
7912
453
6226
7648
8838
8421
51
4479
2633
5244
2363
6234
4813
5855
1461
6461
2451
9870
5879
8310
8537
9367
188
119
7220
5045
1858
9283
4333
1462
3266
1510
8405
2955
7208
1938
8534
8056
6750
1987
4424
6843
6649
8228
4509
5193
415
107
3226
1844
1444
7023
7714
3657
208
3562
9200
1317
1598
5961
256
4776
9843
352
5963
4434
9145
5146
2270
537
3928
9023
3174
5677
4208
5182
2154
1346
5237
249
7540
9933
7991
2656
3133
7450
7900
4678
8980
3002
5341
8768
5211
3546
1674
524
5295
8910
522
4110
7778
4988
7076
1909
8150
5093
5987
2172
3415
7439
7465
700
7990
1629
4691
2782
4638
9744
3413
2719
5077
4166
2610
8365
4305
2753
7689
3918
2164
1699
911
703
469
9365
150
6250
9692
8839
4247
5121
9994
9553
3329
7254
6771
4424
4893
5213
4729
8765
8029
1049
2374
751
6545
6275
4245
8353
438
2138
1646
6694
588
6324
5724
9976
7458
8690
6237
856
2192
5633
4774
5951
5072
5085
7615
563
2953
192
7938
8550
6650
3592
2412
5432
2160
1575
8685
7629
1172
6372
1026
7562
9028
5486
4524
1640
236
3633
9612
8906
8945
8513
4638
9419
730
7491
575
2849
4507
7212
2573
8143
7759
4576
969
4534
8961
5644
6859
7498
6183
8720
8211
2803
588
3892
6823
7610
8232
3099
5838
4692
751
6629
9383
507
7955
7838
3111
1575
2006
724
5837
395
1072
1254
6660
7868
713
5175
3573
2461
2563
5602
6549
3653
7
1960
7330
5538
5163
724
8790
6167
221
7392
182
3073
3455
1904
5097
5335
2063
2364
5656
2447
4433
860
5055
7790
3211
5948
5309
4151
6029
3566
2589
6789
507
3774
6321
500
1752
8769
5720
1625
3568
9415
1437
6001
8370
7887
3788
6487
5225
2073
8704
3104
1222
9735
7470
1312
4732
2157
1336
8911
2759
8120
1055
822
4537
9611
152
6899
9123
4804
5641
6925
7772
6189
6657
1953
209
5998
673
7786
4857
2079
6091
1887
9716
6427
1637
7783
4368
3809
9050
4936
7895
3076
1822
4892
9704
9410
2219
8244
3424
2354
3212
1911
9381
7238
422
9443
6943
5712
1262
3797
8451
9777
8763
6883
1069
4509
8793
4902
4922
5882
1607
9333
8864
5751
5998
9164
5578
1592
9150
3916
9731
3792
2662
3371
1358
9944
1792
204
5088
9787
279
5114
3451
7124
3397
478
1143
6543
5486
3265
8287
7580
8851
8411
7254
7139
355
5657
1220
113
964
2988
1904
1904
9226
4606
2508
596
7330
7984
760
8754
8830
6543
1988
5275
717
3078
7301
7638
8966
6412
2547
3228
7953
7870
1869
7005
4514
6391
4409
5920
4707
7883
780
887
4141
9779
1298
8017
8274
3571
2011
5833
7130
3624
946
203
9703
3773
5403
407
9191
1164
745
4190
8983
5281
8441
4073
3647
1866
8878
2186
1229
4811
74
4250
4321
2863
501
1809
147
3144
7789
3140
5404
3799
3643
3816
1527
871
4478
3844
4405
6292
3142
8789
1127
3417
7006
1948
6764
9687
5959
2994
9784
5121
1566
3899
2205
6084
7993
472
7336
6373
9123
6550
9546
5250
2369
3909
4913
6554
3472
915
7795
536
7485
550
1271
9515
401
136
2416
8801
6119
2028
4134
5329
7052
2496
8258
4728
1073
4155
1062
6076
1392
4565
7656
4828
8905
5286
6505
9624
151
