7
14
51
63
66
74
107
113
119
136
147
150
151
152
154
182
188
192
203
204
208
209
221
222
234
236
249
256
279
335
352
355
386
395
401
407
415
422
438
453
469
472
476
478
500
501
507
507
522
524
536
537
550
553
563
575
588
588
596
599
670
673
700
703
713
717
724
724
730
745
751
751
760
764
779
780
822
844
856
860
871
884
887
911
915
938
946
964
969
1026
1049
1055
1062
1069
1072
1073
1076
1083
1127
1143
1154
1164
1172
1211
1220
1222
1229
1254
1262
1271
1284
1298
1312
1317
1336
1346
1358
1392
1420
1437
1444
1445
1461
1462
1464
1498
1510
1527
1554
1566
1573
1575
1575
1592
1597
1598
1599
1607
1625
1629
1631
1637
1640
1646
1649
1674
1679
1694
1699
1713
1732
1752
1778
1792
1809
1822
1833
1844
1858
1866
1869
1887
1904
1904
1904
1909
1911
1911
1913
1936
1938
1948
1953
1960
1975
1987
1988
2006
2011
2017
2028
2039
2063
2073
2079
2118
2138
2154
2157
2160
2164
2172
2186
2192
2196
2205
2219
2220
2232
2268
2270
2336
2337
2354
2363
2364
2369
2370
2374
2412
2416
2430
2447
2451
2461
2496
2508
2523
2547
2563
2573
2589
2610
2617
2629
2633
2656
2662
2675
2719
2721
2724
2753
2755
2759
2777
2782
2803
2813
2839
2848
2849
2863
2874
2935
2953
2955
2978
2979
2988
2994
3002
3017
3021
3073
3076
3078
3099
3104
3111
3133
3140
3142
3144
3146
3168
3170
3174
3208
3211
3212
3215
3226
3228
3250
3265
3266
3329
3347
3371
3397
3413
3415
3417
3424
3451
3455
3472
3494
3546
3561
3562
3564
3566
3568
3571
3573
3592
3592
3606
3612
3624
3633
3643
3647
3653
3657
3679
3701
3718
3733
3746
3773
3774
3788
3790
3792
3797
3799
3809
3816
3844
3887
3892
3895
3899
3909
3916
3918
3928
3974
3977
3994
4045
4073
4110
4131
4134
4141
4151
4154
4155
4166
4190
4208
4208
4209
4230
4245
4247
4250
4305
4321
4333
4338
4342
4347
4353
4368
4378
4381
4405
4409
4424
4424
4429
4433
4434
4450
4478
4479
4485
4507
4509
4509
4514
4524
4534
4537
4565
4576
4606
4623
4629
4638
4638
4651
4664
4676
4678
4685
4691
4692
4707
4728
4729
4732
4774
4776
4790
4804
4806
4806
4808
4811
4811
4813
4828
4857
4863
4892
4893
4902
4913
4922
4925
4935
4936
4988
5045
5055
5060
5072
5076
5077
5085
5088
5093
5097
5114
5121
5121
5137
5146
5149
5163
5175
5182
5185
5193
5210
5211
5213
5225
5237
5244
5250
5275
5281
5286
5295
5309
5318
5329
5335
5341
5403
5404
5432
5454
5470
5471
5486
5486
5522
5538
5572
5575
5578
5602
5633
5641
5644
5652
5656
5657
5677
5709
5712
5720
5724
5751
5767
5799
5833
5837
5838
5851
5855
5879
5882
5911
5920
5948
5950
5951
5959
5961
5963
5987
5998
5998
6001
6019
6029
6030
6076
6084
6091
6119
6167
6183
6189
6223
6226
6234
6237
6250
6275
6292
6321
6324
6326
6371
6372
6373
6391
6412
6412
6427
6461
6487
6499
6505
6543
6543
6545
6549
6550
6554
6569
6629
6649
6650
6657
6660
6694
6740
6750
6756
6764
6771
6784
6789
6823
6843
6859
6883
6899
6925
6943
6956
6984
7005
7006
7023
7052
7058
7065
7068
7076
7085
7124
7130
7139
7208
7212
7220
7236
7238
7254
7254
7275
7301
7303
7311
7330
7330
7336
7351
7392
7439
7450
7458
7465
7470
7480
7485
7491
7498
7507
7540
7562
7580
7580
7586
7593
7610
7615
7629
7638
7648
7654
7656
7659
7689
7703
7714
7740
7754
7759
7762
7772
7778
7783
7786
7789
7790
7795
7838
7854
7868
7870
7883
7887
7895
7900
7912
7938
7944
7953
7955
7966
7984
7990
7991
7993
8007
8017
8029
8056
8057
8118
8120
8127
8143
8150
8163
8195
8211
8228
8232
8244
8258
8266
8271
8274
8287
8310
8353
8365
8370
8405
8411
8421
8441
8444
8451
8464
8479
8483
8507
8507
8513
8534
8537
8550
8647
8662
8685
8690
8704
8720
8749
8754
8763
8765
8768
8769
8789
8790
8793
8801
8830
8838
8839
8851
8864
8866
8878
8905
8906
8910
8911
8925
8945
8953
8956
8961
8966
8977
8980
8983
9023
9028
9028
9041
9050
9075
9109
9118
9123
9123
9133
9145
9145
9150
9162
9164
9191
9200
9226
9235
9250
9283
9283
9298
9325
9333
9343
9365
9367
9381
9383
9395
9400
9410
9415
9419
9443
9515
9516
9531
9546
9553
9555
9563
9566
9587
9611
9612
9624
9665
9677
9685
9687
9687
9692
9703
9704
9709
9716
9731
9735
9744
9752
9777
9779
9784
9787
9843
9853
9861
9870
9933
9944
9948
9970
9976
9994
