Test,Time
1,341700
2,149000
3,147300
4,144300
5,146800
6,146200
7,146700
8,144100
9,146700
10,146800
11,147200
12,144400
13,144600
14,146400
15,145600
16,144300
17,143800
18,148800
19,146600
20,143700
21,144700
22,145700
23,149000
24,144100
25,144500
26,146200
27,147000
28,156800
29,144300
30,146100
31,146000
32,144500
33,269500
34,141900
35,144700
36,146500
37,146900
38,146400
39,144400
40,146400
41,146500
42,146600
43,144500
44,143500
45,146400
46,145500
47,144400
48,144200
49,146200
50,145900
51,144500
52,144300
53,149300
54,146000
55,144600
56,144400
57,146100
58,149700
59,145100
60,142500
61,146600
62,146400
63,148900
64,144600
65,144600
66,146400
67,146400
68,261800
69,146400
70,144200
71,146300
72,169200
73,148100
74,147100
75,144200
76,146800
77,150500
78,147300
79,143800
80,144500
81,146600
82,148900
83,144100
84,145000
85,146800
86,146500
87,147300
88,144100
89,146400
90,145200
91,144400
92,144300
93,146700
94,146800
95,147400
96,144000
97,146400
98,147300
99,146400
100,142500
101,144400
102,146500
103,145800
104,144600
105,144200
106,147200
107,146400
108,144300
109,144000
110,146600
111,147100
112,143800
113,144400
114,146700
115,146900
116,146300
117,144600
118,147200
119,146500
120,145900
121,144200
122,146200
123,149200
124,146400
125,144300
126,144200
127,146800
128,204800
129,146800
130,144600
131,144600
132,145200
133,151300
134,143800
135,144600
136,146200
137,146800
138,146500
139,144500
140,146500
141,146800
142,143500
143,146800
144,144900
145,144800
146,144500
147,144500
148,166600
149,146300
150,146800
151,144300
152,143700
153,346100
154,144400
155,143700
156,146200
157,147400
158,143700
159,143900
160,146600
161,146900
162,148900
163,143700
164,146500
165,147100
166,146600
167,147700
168,146400
169,146700
170,147200
171,145400
172,251700
173,143500
174,145900
175,145900
176,146200
177,155700
178,143800
179,148000
180,146900
181,144000
182,147400
183,146600
184,146300
185,144000
186,144400
187,149100
188,157000
189,147600
190,144300
191,147000
192,149300
193,146600
194,143600
195,144300
196,144900
197,200400
198,145900
199,144700
200,144100
201,146200
202,149200
203,144200
204,144600
205,146100
206,146300
207,146600
208,143800
209,145900
210,145400
211,144200
212,144400
213,146500
214,146600
215,144700
216,144300
217,314400
218,144500
219,144800
220,146700
221,159400
222,146800
223,144500
224,146400
225,146900
226,149200
227,144700
228,144200
229,146100
230,146500
231,145200
232,144600
233,148700
234,145900
235,144700
236,147400
237,146600
238,145800
239,143400
240,144200
241,146200
242,146300
243,143700
244,144200
245,146000
246,144000
247,146800
248,144800
249,146600
250,146600
251,146500
252,144600
253,144600
254,146800
255,146400
256,144100
257,315700
258,146500
259,143900
260,144400
261,162500
262,146500
263,143800
264,144400
265,146500
266,148900
267,144200
268,143700
269,145500
270,146500
271,223000
272,145400
273,144000
274,146600
275,147100
276,146500
277,142100
278,144800
279,145100
280,146700
281,146500
282,143000
283,146900
284,145900
285,142300
286,147200
287,146200
288,146700
289,143900
290,142600
291,149100
292,146500
293,142400
294,143700
295,145900
296,160700
297,147300
298,144000
299,144600
300,146100
301,148700
302,144500
303,142600
304,146200
305,146200
306,146900
307,142300
308,144400
309,146300
310,142500
311,147400
312,146700
313,146700
314,142600
315,143800
316,149500
317,146000
318,143900
319,144300
320,146400
321,149300
322,146400
323,142800
324,147000
325,144900
326,146300
327,143900
328,145100
329,146500
330,146500
331,144000
332,144200
333,145600
334,147600
335,144100
336,144600
337,147200
338,147100
339,144700
340,144400
341,146400
342,198900
343,146000
344,144600
345,144200
346,147200
347,147800
348,144600
349,144700
350,146500
351,145900
352,143800
353,144600
354,146100
355,147000
356,146900
357,275200
358,146700
359,144700
360,144300
361,148100
362,146300
363,144100
364,144500
365,145800
366,300700
367,144800
368,147400
369,146800
370,146900
371,144400
372,146200
373,147300
374,144000
375,147200
376,146500
377,146500
378,146400
379,144400
380,146900
381,149100
382,146700
383,144100
384,143600
385,146800
386,210800
387,145700
388,144700
389,143300
390,149400
391,147300
392,144300
393,144300
394,147300
395,242100
396,147200
397,146200
398,144300
399,144500
400,151500
401,147000
402,144600
403,144300
404,144400
405,149400
406,146000
407,144400
408,144900
409,146700
410,148300
411,144300
412,144000
413,146000
414,147300
415,228000
416,143300
417,142600
418,146600
419,146900
420,146800
421,144400
422,146600
423,146000
424,143000
425,280000
426,146000
427,144400
428,146300
429,252600
430,151200
431,145900
432,146800
433,144300
434,146000
435,146300
436,145300
437,144200
438,143900
439,160900
440,147000
441,144500
442,144500
443,146400
444,149300
445,144400
446,145000
447,146800
448,146600
449,149000
450,144500
451,146600
452,146800
453,145400
454,250000
455,146800
456,144100
457,146700
458,146300
459,146800
460,144000
461,146800
462,145400
463,146100
464,267600
465,146400
466,143800
467,144100
468,148900
469,147300
470,144200
471,143600
472,146700
473,150800
474,144200
475,144800
476,145900
477,146600
478,147100
479,143900
480,146800
481,147100
482,147700
483,147700
484,146500
485,146900
486,147400
487,143700
488,147200
489,146400
490,146500
491,144700
492,144700
493,148900
494,146700
495,141900
496,144500
497,146400
498,146600
499,146300
500,144200
501,146100
502,145400
503,147200
504,144000
505,144400
506,146900
507,146900
508,144200
509,144600
510,146500
511,147000
512,143800
513,144100
514,146300
515,146400
516,144500
517,144400
518,146600
519,149500
520,144300
521,144800
522,146100
523,146700
524,149500
525,144400
526,143600
527,146600
528,146800
529,159100
530,144400
531,146600
532,146600
533,142700
534,146400
535,146600
536,144900
537,143900
538,143800
539,321600
540,144800
541,144000
542,146000
543,149600
544,143500
545,144700
546,146300
547,147000
548,158500
549,144500
550,144200
551,146700
552,145100
553,206600
554,144200
555,144000
556,146300
557,147200
558,235900
559,144800
560,142200
561,146800
562,146600
563,145700
564,144500
565,146600
566,146900
567,146500
568,147100
569,144700
570,146300
571,146800
572,144200
573,146100
574,147200
575,146800
576,144500
577,144100
578,343700
579,143900
580,144000
581,146200
582,150400
583,146800
584,144100
585,146500
586,146700
587,202100
588,146700
589,144300
590,146000
591,146800
592,149700
593,144400
594,143900
595,146700
596,146600
597,147100
598,143300
599,146000
600,147100
