Test,Time
1,338000
2,146000
3,149100
4,147800
5,145300
6,143700
7,146600
8,147800
9,144500
10,143200
11,146800
12,145200
13,206400
14,144700
15,144100
16,147100
17,147400
18,149300
19,144000
20,146400
21,147100
22,147100
23,148900
24,143700
25,147100
26,146900
27,144900
28,292900
29,143500
30,144700
31,146600
32,150000
33,148000
34,144800
35,147100
36,147700
37,148100
38,144500
39,143800
40,147500
41,147500
42,145000
43,145000
44,146500
45,146800
46,144900
47,144200
48,146000
49,145400
50,143500
51,143800
52,147100
53,203800
54,146500
55,144700
56,144300
57,149000
58,147900
59,147700
60,144600
61,146900
62,148000
63,147500
64,145300
65,144900
66,146300
67,149500
68,143200
69,144000
70,146200
71,145100
72,144100
73,144100
74,146600
75,146900
76,145000
77,142600
78,146300
79,146300
80,145900
81,145300
82,146700
83,148000
84,147700
85,143900
86,144000
87,146100
88,149300
89,143700
90,144900
91,146800
92,147400
93,147200
94,144800
95,147000
96,147000
97,144300
98,148900
99,147100
100,146700
101,144200
102,144600
103,148700
104,147400
105,145800
106,144800
107,146100
108,339800
109,144500
110,144600
111,147100
112,146900
113,144200
114,144800
115,146500
116,147300
117,194600
118,144800
119,143100
120,146800
121,147300
122,147500
123,144600
124,146700
125,146100
126,144800
127,147000
128,146900
129,146800
130,146800
131,144900
132,147100
133,146900
134,146000
135,144400
136,145000
137,248100
138,149800
139,262100
140,147000
141,147400
142,146800
143,143400
144,144000
145,145100
146,146400
147,144800
148,145100
149,167500
150,147100
151,144600
152,143500
153,147300
154,147100
155,146800
156,145400
157,147100
158,146900
159,218000
160,147100
161,144700
162,144300
163,145000
164,147500
165,143800
166,143800
167,147300
168,147400
169,236700
170,146400
171,144400
172,144400
173,157500
174,147100
175,145100
176,144900
177,147500
178,345400
179,144600
180,146900
181,147200
182,150500
183,144900
184,143300
185,146900
186,146500
187,146500
188,144800
189,146700
190,147000
191,144400
192,215200
193,144000
194,147500
195,146600
196,144700
197,147500
198,145900
199,147300
200,146800
201,145100
202,146400
203,146800
204,146700
205,146000
206,143400
207,310600
208,144800
209,144500
210,147400
211,147000
212,144600
213,144500
214,146300
215,146800
216,143500
217,144000
218,147200
219,147000
220,144600
221,145100
222,147500
223,147100
224,147700
225,143500
226,146700
227,146900
228,146700
229,144400
230,145200
231,146100
232,219200
233,146500
234,143900
235,144100
236,212200
237,154000
238,146900
239,146100
240,144200
241,145600
242,145600
243,144700
244,143200
245,145100
246,159500
247,146400
248,144800
249,144900
250,145700
251,161200
252,145800
253,143900
254,147200
255,144900
256,189800
257,144900
258,144600
259,145900
260,146700
261,148900
262,143500
263,147000
264,146800
265,147400
266,246500
267,144800
268,144500
269,146500
270,146800
271,147500
272,145900
273,145200
274,147000
275,146800
276,143900
277,144800
278,147200
279,147500
280,144700
281,312900
282,148000
283,144900
284,144600
285,154300
286,146900
287,144800
288,144800
289,147000
290,182500
291,147000
292,144500
293,145100
294,146600
295,148400
296,143800
297,143300
298,147100
299,146400
300,239600
301,145600
302,144800
303,144300
304,146800
305,146700
306,144800
307,144600
308,146600
309,146600
310,144900
311,144400
312,147800
313,147800
314,145300
315,293300
316,146200
317,144800
318,144000
319,151200
320,147100
321,144500
322,144600
323,145900
324,149800
325,143000
326,145500
327,147600
328,147200
329,203500
330,144600
331,144400
332,145900
333,147200
334,148700
335,145500
336,146700
337,147300
338,147000
339,146200
340,144000
341,147100
342,147000
343,144600
344,147100
345,147300
346,146900
347,145800
348,145000
349,316300
350,145200
351,145000
352,147100
353,256500
354,173500
355,146700
356,147100
357,144500
358,147200
359,147100
360,147100
361,144700
362,144100
363,173800
364,145900
365,147800
366,144800
367,145800
368,146300
369,146600
370,145500
371,144600
372,147100
373,146700
374,144700
375,143400
376,147000
377,146500
378,145000
379,143600
380,148500
381,147400
382,146800
383,143200
384,146700
385,145300
386,147300
387,144800
388,146100
389,147000
390,146500
391,144100
392,143000
393,150900
394,147300
395,144100
396,143800
397,145300
398,189100
399,146900
400,144300
401,144800
402,147100
403,203400
404,147300
405,144700
406,145000
407,147300
408,198500
409,146700
410,144800
411,145300
412,255900
413,143700
414,145800
415,147500
416,144900
417,145500
418,146800
419,147200
420,147100
421,143100
422,149100
423,147500
424,146900
425,145100
426,144700
427,148700
428,145700
429,145200
430,143000
431,147200
432,148800
433,144700
434,143400
435,145900
436,147100
437,147700
438,143100
439,145700
440,147700
441,145700
442,146200
443,147700
444,145700
445,145900
446,144300
447,146700
448,147800
449,146900
450,142900
451,144700
452,149400
453,145300
454,145100
455,144300
456,147200
457,230700
458,179700
459,146700
460,147600
461,144200
462,148000
463,147400
464,146900
465,143200
466,145200
467,150600
468,147500
469,145000
470,144800
471,147100
472,148700
473,144800
474,145000
475,146500
476,147400
477,146900
478,144200
479,147100
480,147700
481,145300
482,147200
483,146700
484,147100
485,147800
486,144500
487,147000
488,146600
489,145100
490,144800
491,145200
492,148800
493,147800
494,144700
495,144700
496,146900
497,148700
498,143200
499,144600
500,147500
501,146900
502,149300
503,144900
504,143300
505,146200
506,146800
507,159900
508,148100
509,145200
510,147700
511,144700
512,147500
513,145500
514,147700
515,146500
516,145000
517,149600
518,148200
519,147700
520,145000
521,145200
522,151500
523,145900
524,144400
525,144800
526,147000
527,149000
528,146900
529,162300
530,189500
531,143800
532,150400
533,160000
534,145100
535,143000
536,148000
537,150500
538,146800
539,145000
540,144100
541,147200
542,152700
543,144700
544,143900
545,147000
546,145800
547,230600
548,146900
549,145300
550,147300
551,146900
552,146800
553,144700
554,145100
555,147200
556,147100
557,267900
558,146700
559,144900
560,145000
561,149800
562,147300
563,143700
564,143800
565,146900
566,300600
567,145700
568,146600
569,147500
570,145000
571,143200
572,147000
573,147500
574,144600
575,143900
576,147700
577,147300
578,146400
579,144400
580,148100
581,148700
582,147700
583,144300
584,144400
585,147500
586,147400
587,144000
588,144800
589,146800
590,147700
591,143100
592,145100
593,147400
594,145500
595,146900
596,278700
597,147400
598,145100
599,145100
600,149400
