Test,Time
1,6319200
2,5757600
3,6032600
4,6186900
5,5752500
6,5689900
7,5562500
8,5899600
9,5650300
10,5634900
11,5712100
12,5726300
13,5943700
14,5751100
15,5670700
16,5642500
17,5766200
18,5601900
19,5975600
20,5723000
21,6032000
22,5924300
23,5848700
24,5897800
25,5748000
26,6080300
27,6068100
28,5965700
29,6022800
30,5891400
31,5857300
32,5729300
33,5763100
34,5638100
35,5811200
36,5651600
37,5951000
38,5868900
39,5650500
40,5572900
41,5568500
42,5709600
43,5960500
44,5743100
45,6082200
46,5602200
47,5674400
48,5621800
49,5755600
50,5656600
51,5911400
52,6213700
53,5630100
54,5578000
55,5788900
56,5798700
57,5779100
58,5896200
59,5788400
60,5967900
61,5864900
62,5649700
63,5640600
64,6315900
65,5596700
66,5594200
67,5626400
68,5861100
69,5705000
70,5856100
71,5858400
72,5664700
73,5723600
74,5951300
75,5761100
76,5815600
77,5783800
78,5609000
79,5769100
80,5717700
81,5972900
82,5984100
83,5975900
84,5955900
85,5970300
86,5837000
87,5599800
88,5806200
89,5724000
90,5852000
91,5898200
92,5690000
93,5852600
94,5800600
95,5718900
96,5820100
97,5596700
98,5639700
99,5827900
100,5861100
101,5660400
102,5721700
103,5695900
104,5580500
105,6019600
106,6299800
107,5832400
108,5564600
109,5639100
110,5774200
111,5642600
112,5854600
113,5625700
114,5639700
115,5660100
116,5623300
117,5632700
118,5708200
119,5683800
120,5710900
121,5692900
122,5643700
123,5682900
124,5722500
125,5957700
126,6050300
127,5601000
128,5896700
129,5804800
130,6029300
131,5919200
132,5791500
133,5907600
134,5830700
135,5588900
136,5558400
137,5721600
138,5668300
139,5891300
140,5711200
141,5889500
142,6008700
143,5713400
144,5898000
145,5773300
146,5919400
147,5925000
148,5696000
149,5610500
150,5698100
151,5881600
152,5810100
153,5660700
154,5635000
155,5638400
156,5957100
157,5681300
158,5725300
159,5657400
160,5700600
161,5800100
162,5826500
163,5653200
164,5822800
165,6121100
166,5891000
167,5957900
168,5681600
169,5871900
170,5861300
171,5683400
172,5937200
173,5734700
174,5630500
175,5671400
176,5577400
177,5960800
178,5882900
179,5615700
180,5741900
181,5737400
182,5738000
183,5872900
184,5659700
185,5771300
186,5702600
187,5741900
188,5789600
189,5598100
190,6209300
191,5573300
192,5885000
193,6040400
194,5591900
195,5928900
196,5775300
197,5724100
198,6039800
199,5707400
200,5668400
201,5858600
202,5959700
203,5927400
204,5821200
205,5918500
206,5999700
207,6034400
208,5588400
209,5712800
210,5633400
211,5657900
212,5938600
213,6067900
214,5785000
215,5786200
216,5691400
217,5711300
218,6106200
219,5696100
220,5697500
221,5561300
222,5725400
223,5663900
224,5777000
225,5825500
226,5955500
227,5733300
228,5658400
229,5815700
230,5867100
231,5800300
232,5720100
233,5986500
234,5761500
235,5683300
236,5877800
237,5765300
238,5732900
239,5874100
240,5840500
241,5606200
242,5686600
243,5726000
244,5949900
245,5706400
246,5775000
247,5672500
248,5639700
249,5850100
250,5626800
251,6229000
252,5774100
253,5794400
254,5894700
255,5600500
256,5926500
257,5628700
258,5696400
259,5856500
260,5757700
261,5982800
262,5724900
263,5994300
264,5958300
265,5721900
266,5569100
267,5788400
268,5915500
269,5888200
270,5596300
271,5981600
272,5718800
273,5865000
274,5856400
275,5620000
276,5944800
277,5919000
278,5698400
279,5770000
280,5721700
281,5676800
282,6042200
283,5852300
284,5732400
285,5579600
286,5624500
287,5902700
288,5809000
289,5744000
290,5825400
291,5741700
292,5615100
293,5880500
294,5837300
295,5795800
296,5811900
297,5860800
298,5879200
299,5773100
300,5624000
301,5766400
302,5767800
303,5700000
304,5961300
305,5667100
306,5956300
307,5820000
308,5686400
309,5842400
310,5807000
311,30127400
312,9592600
313,8724100
314,6390900
315,6421400
316,5957500
317,5742500
318,5619900
319,5634300
320,5609800
321,5693600
322,5861800
323,5825000
324,5797000
325,5602200
326,5893100
327,5822300
328,5758100
329,5837300
330,5951500
331,5624800
332,5618000
333,5732800
334,5593600
335,5642500
336,5821200
337,5795000
338,6260100
339,5895200
340,5847100
341,5593200
342,6098900
343,5864100
344,5794500
345,5625700
346,5801600
347,5825700
348,5661400
349,5729300
350,5697300
351,5656300
352,5698300
353,5707900
354,5772800
355,5844500
356,5653300
357,5969500
358,5592300
359,5603400
360,5623100
361,5922600
362,5761200
363,5609700
364,5571600
365,5684800
366,5779300
367,5717000
368,5608000
369,5568400
370,5682600
371,5586800
372,5615000
373,5648500
374,5694600
375,5691700
376,5741700
377,5680300
378,5795700
379,5565700
380,5741900
381,5856100
382,5638700
383,5684100
384,5606300
385,5630900
386,5566000
387,5612700
388,5879600
389,13823700
390,5578500
391,5717200
392,5849000
393,5836100
394,5865100
395,5938400
396,6110600
397,6601700
398,5673300
399,5882900
400,5665900
401,5667800
402,5637200
403,6001600
404,6269500
405,9267500
406,8381200
407,5950600
408,6427500
409,5954700
410,5861200
411,5713900
412,5820900
413,8172200
414,5713100
415,5681900
416,5678900
417,5930600
418,5784100
419,5607200
420,5655500
421,5774400
422,5909300
423,5602500
424,5651700
425,5619100
426,5639700
427,5704700
428,6156700
429,5725600
430,5692400
431,5630100
432,5774400
433,5786900
434,5644800
435,5807700
436,5636200
437,5602500
438,5733600
439,5714200
440,6126800
441,5887900
442,5635000
443,5639400
444,5667000
445,5927400
446,5931600
447,6107600
448,7235200
449,5881400
450,5616300
451,5629500
452,5867000
453,5688300
454,5614800
455,5867400
456,5831800
457,5667500
458,5694600
459,5801600
460,5684000
461,5796100
462,5858700
463,5776900
464,5812300
465,5634600
466,5677200
467,5593100
468,5583000
469,6193500
470,5926400
471,5806600
472,6092200
473,5751800
474,5611500
475,5581700
476,5986600
477,5672200
478,5817000
479,5724300
480,6519700
481,5813500
482,5603100
483,5645400
484,5680500
485,5769200
486,5799500
487,5638900
488,5652600
489,5803600
490,5721000
491,5817100
492,5720200
493,8514800
494,7090600
495,8820000
496,7089700
497,7621900
498,5978000
499,5901200
500,5776700
501,5890100
502,5953800
503,6478700
504,5846500
505,5839000
506,6990500
507,6631200
508,5958600
509,5993500
510,5920600
511,5672700
512,5829400
513,6223800
514,6041600
515,6251200
516,5881500
517,5676200
518,5674900
519,5890700
520,5840100
521,5855100
522,5715000
523,5638000
524,5778100
525,5803900
526,5578900
527,6243100
528,6124500
529,6196700
530,6211700
531,5997400
532,6486300
533,5654700
534,6648500
535,6088800
536,5817400
537,5808100
538,7611700
539,8046100
540,6808000
541,6014300
542,5704300
543,6483200
544,6060300
545,5634700
546,6398100
547,5599500
548,5623900
549,5803400
550,5692300
551,5678500
552,5589800
553,5672700
554,8935900
555,5678000
556,6031600
557,5569700
558,5649200
559,5639800
560,5601700
561,5703700
562,5811400
563,5580100
564,5697400
565,5574900
566,5583800
567,5877700
568,5951600
569,5633800
570,5900500
571,5966800
572,5616800
573,5679100
574,5585600
575,5892400
576,5665600
577,5665300
578,5741200
579,5871800
580,5937900
581,5740200
582,5577800
583,5955500
584,5791600
585,5591100
586,5783100
587,5597500
588,5672300
589,5664900
590,5758500
591,5834500
592,5632600
593,5664600
594,5682800
595,5751600
596,5739500
597,5771200
598,5756200
599,5712500
600,6030100
