Test,Time
1,2440000
2,2149000
3,1992300
4,1980300
5,2127400
6,2175300
7,1972800
8,2097500
9,2122700
10,2175100
11,2045900
12,1973100
13,2185000
14,1990500
15,1971600
16,2097000
17,1973500
18,1979600
19,2060300
20,1974100
21,2191200
22,1974800
23,1977200
24,2102300
25,2002200
26,1971900
27,1971800
28,2160500
29,1973500
30,1974200
31,2104000
32,2136000
33,1974400
34,2084700
35,1971700
36,1971900
37,1974000
38,1979300
39,1978700
40,1973900
41,1978300
42,2052700
43,2130400
44,1971200
45,2052000
46,2076800
47,1978500
48,1974700
49,2032600
50,2053700
51,2133900
52,2006600
53,2053700
54,1974000
55,1979500
56,2003000
57,1984800
58,2110000
59,1985700
60,1978700
61,1993400
62,2311700
63,1974200
64,1972000
65,2202400
66,1984800
67,2010700
68,1979500
69,1978500
70,1973200
71,1979000
72,2059100
73,2259500
74,2180100
75,2016300
76,2054200
77,1973500
78,2179800
79,1971100
80,1973000
81,1973700
82,1978000
83,2048500
84,2100600
85,1972700
86,1973900
87,2023600
88,1972900
89,1973900
90,1980800
91,1970900
92,1986700
93,2177000
94,2003400
95,2058500
96,2111400
97,1981800
98,1979300
99,1971700
100,2121200
101,1972700
102,1971700
103,2084800
104,2008200
105,1973200
106,2235700
107,1973900
108,2009600
109,2062200
110,2281500
111,1974100
112,1974200
113,1973900
114,2143600
115,2197900
116,1972900
117,2124800
118,2166900
119,1975700
120,2036600
121,1975200
122,1973000
123,1974800
124,1972300
125,2236400
126,1971100
127,2009300
128,2086400
129,1972200
130,2165200
131,2034300
132,2086100
133,1976600
134,1986400
135,1973500
136,1974100
137,1973100
138,1985500
139,1973400
140,1984600
141,2171900
142,1974000
143,1977000
144,1982400
145,1974000
146,1977700
147,1976800
148,2242100
149,2149000
150,1973300
151,1982300
152,1989400
153,1996400
154,1994200
155,1972600
156,2121300
157,1996200
158,2088800
159,1973100
160,2121300
161,1974900
162,1973900
163,2123300
164,1991600
165,1971900
166,1971800
167,1981000
168,1974700
169,1988800
170,2168100
171,2106100
172,2355500
173,1992100
174,1975000
175,1973300
176,1995200
177,2072700
178,1988200
179,1974100
180,2179300
181,1988400
182,1973500
183,1994200
184,2039900
185,2073900
186,2106600
187,1975000
188,1975600
189,1974700
190,1978000
191,2365700
192,2098100
193,2040900
194,2229700
195,2332200
196,2008500
197,1980200
198,1973100
199,1974100
200,1983400
201,2094000
202,2119400
203,1970700
204,2079600
205,2094000
206,2144500
207,1987300
208,2037100
209,2229600
210,2168500
211,2009500
212,1980300
213,1973000
214,1974700
215,2012700
216,2244800
217,2587900
218,2051700
219,2037800
220,1985600
221,1976800
222,2004400
223,1991800
224,1977400
225,2140800
226,1978800
227,2005600
228,2186000
229,1972300
230,1992400
231,1974900
232,1984400
233,1981400
234,2013300
235,2046800
236,1980300
237,2175900
238,2025200
239,2142200
240,2167100
241,2001200
242,1974500
243,2122300
244,1973500
245,2212400
246,1983400
247,1978400
248,1976700
249,2075300
250,1973800
251,2109300
252,1979400
253,1982900
254,1978100
255,1973300
256,1979300
257,1975000
258,2084600
259,2133500
260,1973400
261,1978000
262,2136500
263,2175400
264,2024400
265,1981000
266,2122600
267,1984000
268,1997000
269,1978600
270,2101600
271,2004700
272,1985600
273,2004600
274,2127200
275,1992000
276,2054200
277,1975700
278,2130700
279,1995300
280,1973600
281,2079900
282,1987700
283,1982600
284,1988100
285,2255700
286,1979300
287,2044600
288,2151300
289,1973400
290,1973600
291,2043500
292,2075500
293,2312100
294,2007700
295,1977000
296,1974000
297,2160700
298,2005100
299,1972300
300,2270800
301,1972500
302,1972800
303,1972600
304,1976000
305,1981100
306,1972300
307,2052800
308,2132700
309,1973300
310,1978600
311,2092100
312,2140800
313,2008100
314,1973000
315,2094400
316,2138700
317,1972900
318,1972700
319,1979400
320,1972700
321,1979700
322,2064400
323,2059600
324,1973500
325,1972800
326,1985700
327,1972900
328,2167300
329,1976000
330,2179700
331,2114500
332,1973700
333,1977600
334,2231500
335,2010000
336,1993100
337,2227400
338,1980500
339,1975400
340,1976900
341,1976500
342,1996400
343,1976400
344,2136400
345,2006500
346,2030300
347,1982600
348,1986300
349,2225600
350,2062300
351,2207400
352,1982700
353,1971900
354,1980700
355,1973000
356,1974300
357,2107500
358,1974700
359,2148200
360,1998800
361,2016200
362,1972500
363,1974100
364,1991000
365,2042900
366,1974300
367,1972100
368,1972900
369,2071800
370,2121200
371,1974700
372,1991100
373,1976000
374,1974600
375,2146700
376,1977800
377,1974600
378,2062600
379,2004400
380,2084000
381,2093700
382,2144700
383,1971800
384,1975200
385,2092200
386,1971300
387,2003900
388,2040000
389,1987000
390,2176200
391,1981300
392,2046000
393,2097600
394,1972700
395,2018900
396,2044400
397,2300100
398,2175600
399,2019400
400,1972800
401,2149800
402,1979700
403,2016500
404,2362900
405,1980300
406,1992400
407,1975300
408,1971200
409,1972300
410,1989200
411,2143200
412,1975500
413,1973100
414,2017800
415,2043600
416,1973000
417,2015100
418,1974600
419,1975300
420,1973900
421,1976800
422,2055700
423,2102400
424,2130800
425,2004400
426,2051300
427,1981800
428,2164300
429,2005400
430,1975400
431,2135300
432,1975500
433,2030500
434,1981400
435,1973600
436,1981900
437,2008100
438,2006200
439,1977300
440,1988500
441,1984400
442,1974100
443,2103300
444,1996600
445,1975400
446,2123400
447,2162000
448,1979800
449,1975300
450,1973600
451,2175800
452,1971900
453,2107900
454,1976000
455,1981800
456,1975600
457,1976300
458,2136200
459,2014300
460,2057400
461,2108600
462,1993900
463,2014900
464,2095400
465,1974100
466,2187700
467,1977100
468,2194800
469,1991100
470,2027700
471,1971700
472,1975100
473,2006200
474,2031100
475,2057200
476,1974900
477,1999800
478,2185500
479,1973200
480,2301000
481,1987100
482,1977800
483,2119900
484,2198200
485,1979000
486,2020400
487,1980100
488,1976500
489,1973700
490,1983300
491,2012100
492,1988200
493,2046000
494,1975900
495,2187400
496,2022300
497,1972800
498,1987800
499,2151900
500,1975800
501,2157400
502,1984300
503,1972100
504,1975600
505,1994300
506,2006800
507,1975100
508,1987300
509,1972600
510,1989100
511,2017200
512,2067500
513,1979600
514,1990500
515,2042800
516,2018900
517,1984000
518,2046400
519,2025100
520,2177000
521,2165300
522,2043100
523,2090900
524,2336500
525,2004100
526,1984600
527,1981000
528,2177300
529,2026100
530,2072300
531,1986900
532,2203600
533,2109900
534,2080900
535,1991700
536,2185200
537,1998100
538,2129700
539,2020300
540,1986400
541,2001000
542,1979100
543,2266300
544,2084500
545,2001300
546,2196700
547,2017100
548,2046000
549,2022700
550,1986900
551,1999500
552,2282000
553,2180100
554,1986700
555,1982100
556,2119300
557,1990300
558,1978900
559,1997200
560,2160700
561,2001700
562,2069600
563,2005400
564,2019300
565,1987600
566,2004100
567,1992200
568,2163600
569,1991800
570,2017000
571,2159400
572,1978700
573,2120400
574,2090300
575,2177400
576,1986900
577,1974500
578,2141000
579,2002200
580,1988600
581,2055000
582,1981100
583,2000600
584,2037600
585,2225100
586,2021700
587,1996300
588,1976300
589,1975200
590,1999400
591,1975300
592,2071200
593,1975600
594,2154100
595,2058100
596,2003000
597,2186900
598,1975700
599,2086700
600,1991600
