Test,Time
1,538000
2,149700
3,146700
4,148500
5,148200
6,148300
7,145200
8,145900
9,148200
10,148100
11,145800
12,145900
13,148100
14,150300
15,146000
16,145900
17,148800
18,148500
19,150300
20,146500
21,148700
22,148600
23,149900
24,148000
25,146500
26,149100
27,148500
28,145900
29,298200
30,147900
31,146300
32,148000
33,153200
34,148500
35,145800
36,145800
37,147800
38,151500
39,145800
40,145800
41,148000
42,148400
43,157800
44,145900
45,148600
46,148900
47,148200
48,219900
49,147200
50,146500
51,148000
52,148100
53,148000
54,145900
55,148100
56,148300
57,146300
58,147800
59,148100
60,148100
61,147900
62,146500
63,148100
64,148400
65,148700
66,146400
67,145700
68,150200
69,149100
70,146300
71,146200
72,148400
73,150700
74,148800
75,146300
76,147700
77,148200
78,149800
79,146200
80,146200
81,147900
82,148400
83,148000
84,145800
85,148200
86,148800
87,146200
88,148500
89,148300
90,148200
91,148700
92,146100
93,150500
94,148100
95,147900
96,146100
97,146500
98,258100
99,145700
100,148600
101,148900
102,146500
103,315300
104,147900
105,146000
106,145800
107,150500
108,148500
109,145500
110,145500
111,147900
112,185600
113,148400
114,146300
115,146300
116,148100
117,152300
118,145900
119,146400
120,148600
121,148400
122,241800
123,148600
124,147100
125,145900
126,188900
127,175900
128,148200
129,148300
130,145600
131,148600
132,148500
133,148400
134,146700
135,146000
136,150200
137,148100
138,146100
139,146800
140,148600
141,155600
142,148000
143,146100
144,145800
145,148200
146,150000
147,146200
148,145800
149,147900
150,148500
151,147700
152,145800
153,147900
154,148300
155,146800
156,233800
157,146600
158,145900
159,147800
160,148100
161,148500
162,146700
163,148700
164,148700
165,146800
166,289300
167,149100
168,146100
169,146300
170,150200
171,148700
172,146700
173,146400
174,148000
175,150400
176,145900
177,146500
178,148400
179,148000
180,149800
181,146000
182,148100
183,149100
184,148000
185,200100
186,145800
187,145800
188,147800
189,148300
190,150200
191,145700
192,148200
193,148400
194,145900
195,148400
196,148300
197,148200
198,148200
199,146600
200,149800
201,148600
202,148500
203,146400
204,145800
205,151300
206,148600
207,146300
208,145800
209,148100
210,150500
211,146400
212,145700
213,148200
214,148100
215,168400
216,146200
217,145600
218,148700
219,148500
220,147800
221,146300
222,149900
223,148500
224,148300
225,222500
226,145900
227,146300
228,148400
229,148600
230,148000
231,146000
232,148300
233,148300
234,145900
235,148500
236,148200
237,147800
238,148000
239,146400
240,305700
241,146600
242,146300
243,148000
244,150200
245,148100
246,146300
247,148000
248,148600
249,150600
250,146200
251,145800
252,148900
253,147900
254,189900
255,146300
256,146200
257,147900
258,148300
259,216900
260,146400
261,148300
262,148000
263,148300
264,154000
265,145800
266,148100
267,148600
268,148100
269,271800
270,148500
271,146400
272,145700
273,168100
274,149000
275,148500
276,146500
277,148300
278,151500
279,148500
280,146700
281,145900
282,148500
283,158100
284,146600
285,146800
286,148400
287,148400
288,150900
289,146400
290,146400
291,148500
292,148600
293,149900
294,145900
295,149200
296,148200
297,146600
298,148700
299,148700
300,148600
301,148800
302,146200
303,151000
304,148500
305,148600
306,146300
307,146200
308,150900
309,148400
310,145900
311,146500
312,148000
313,150900
314,148000
315,146900
316,148300
317,148800
318,150800
319,146400
320,146500
321,148600
322,148400
323,176800
324,145900
325,148000
326,148300
327,148400
328,148200
329,146600
330,148500
331,147900
332,145800
333,148800
334,148100
335,147800
336,145800
337,145600
338,152900
339,148200
340,148700
341,146700
342,147900
343,150800
344,147900
345,146600
346,146300
347,147900
348,150800
349,145800
350,145900
351,148300
352,148400
353,146500
354,289900
355,148700
356,145900
357,145800
358,150900
359,148100
360,146300
361,146400
362,147900
363,151000
364,148500
365,174200
366,146300
367,148300
368,149100
369,148600
370,146300
371,146600
372,148300
373,148900
374,146600
375,145900
376,148800
377,148100
378,253500
379,148700
380,146500
381,146400
382,150900
383,148700
384,148000
385,146400
386,148800
387,151000
388,148000
389,145900
390,146300
391,148300
392,150700
393,145900
394,146400
395,148100
396,148000
397,199900
398,145800
399,146400
400,148300
401,148500
402,150700
403,146000
404,148200
405,148100
406,148700
407,253700
408,148600
409,145900
410,148000
411,148300
412,148500
413,146300
414,145800
415,148300
416,164800
417,243700
418,148500
419,145800
420,146700
421,150800
422,148200
423,148500
424,145700
425,148000
426,176600
427,148400
428,145900
429,145800
430,148300
431,164400
432,148700
433,146300
434,146300
435,148100
436,150800
437,146800
438,146900
439,149400
440,148400
441,251800
442,148500
443,146400
444,146300
445,267900
446,146400
447,148100
448,148400
449,148000
450,145700
451,148000
452,147900
453,148000
454,146100
455,148400
456,148300
457,147800
458,146200
459,146000
460,150400
461,148400
462,146400
463,146200
464,148100
465,195500
466,148300
467,146600
468,146300
469,148100
470,148400
471,148500
472,146600
473,145800
474,148100
475,148000
476,145800
477,146400
478,148400
479,148700
480,146900
481,146200
482,148500
483,148600
484,148500
485,151900
486,148400
487,148700
488,148500
489,147200
490,326300
491,149100
492,147200
493,146900
494,150600
495,148600
496,146800
497,146600
498,148400
499,189500
500,148700
501,146600
502,146700
503,148500
504,211800
505,148200
506,148400
507,146700
508,151100
509,149400
510,148800
511,146800
512,146900
513,150400
514,148500
515,145800
516,146700
517,148500
518,151600
519,148500
520,146600
521,148000
522,148300
523,150600
524,146700
525,146600
526,148300
527,148300
528,146900
529,146400
530,148600
531,148500
532,148900
533,146700
534,148200
535,148100
536,148300
537,146900
538,146300
539,171200
540,148500
541,149000
542,146400
543,149400
544,148200
545,148500
546,146700
547,145900
548,150500
549,148900
550,146200
551,146700
552,148200
553,148700
554,148700
555,146000
556,308100
557,146400
558,146500
559,148700
560,151000
561,148700
562,146800
563,148000
564,148500
565,150900
566,146800
567,146500
568,149000
569,148800
570,188300
571,146400
572,146000
573,148500
574,148800
575,148900
576,146100
577,148500
578,148700
579,146800
580,242300
581,146500
582,146800
583,148600
584,148800
585,148000
586,146500
587,148400
588,148500
589,148900
590,148400
591,148100
592,148500
593,148400
594,146300
595,148200
596,148400
597,148600
598,146000
599,146900
600,154900
