Test,Time
1,546000
2,148400
3,150200
4,149600
5,150200
6,150100
7,148000
8,150300
9,149900
10,150500
11,148500
12,147700
13,152200
14,151000
15,150400
16,148000
17,149400
18,179100
19,149600
20,148200
21,147700
22,149900
23,151600
24,150100
25,148000
26,148100
27,149500
28,229500
29,149800
30,154500
31,148200
32,152200
33,150600
34,150900
35,148500
36,147600
37,152000
38,150000
39,148800
40,148400
41,149900
42,243100
43,171100
44,149500
45,149700
46,146900
47,147500
48,149700
49,150000
50,148000
51,147200
52,149800
53,149500
54,149600
55,148100
56,149900
57,195400
58,149900
59,150200
60,148100
61,151900
62,149600
63,149700
64,148000
65,147800
66,151500
67,149300
68,149600
69,148100
70,148200
71,160300
72,150200
73,147300
74,147400
75,149700
76,215200
77,199600
78,149500
79,150200
80,147700
81,150000
82,152300
83,150100
84,147200
85,148100
86,149400
87,149900
88,147200
89,147200
90,149600
91,151700
92,150700
93,148200
94,147800
95,150000
96,230900
97,150100
98,147300
99,147200
100,152000
101,150500
102,150200
103,147700
104,148600
105,231200
106,149500
107,149600
108,149900
109,148100
110,318400
111,148400
112,148300
113,149600
114,151500
115,149800
116,147900
117,147300
118,149300
119,151000
120,147800
121,148000
122,149800
123,149500
124,151900
125,148200
126,150400
127,150900
128,149400
129,228500
130,147900
131,146900
132,149300
133,149900
134,246800
135,150200
136,147200
137,147300
138,152400
139,150200
140,150100
141,148100
142,148400
143,153700
144,149600
145,148300
146,148100
147,149800
148,151500
149,149500
150,147100
151,149300
152,149500
153,170900
154,147800
155,147200
156,151900
157,149300
158,200000
159,150000
160,147900
161,149300
162,149400
163,225500
164,149800
165,147300
166,147600
167,149600
168,199600
169,149700
170,149800
171,147400
172,151200
173,149700
174,150200
175,147800
176,147400
177,305800
178,147300
179,150700
180,149700
181,195700
182,150000
183,148100
184,147600
185,149900
186,152100
187,148000
188,147800
189,150000
190,150400
191,151600
192,147600
193,147800
194,150100
195,149600
196,220900
197,148000
198,147800
199,150300
200,149800
201,245000
202,150000
203,147500
204,148000
205,151700
206,150400
207,149600
208,148200
209,148100
210,264600
211,147700
212,150000
213,149300
214,147200
215,148000
216,149800
217,152400
218,150100
219,147800
220,147100
221,149900
222,149500
223,147100
224,147200
225,157400
226,149900
227,151800
228,147700
229,179200
230,148000
231,149700
232,150100
233,147800
234,149800
235,149900
236,149700
237,149100
238,147100
239,279400
240,147700
241,147500
242,149400
243,149800
244,147800
245,147100
246,149700
247,149300
248,147200
249,295300
250,149200
251,147700
252,148600
253,166200
254,150100
255,149900
256,147300
257,147300
258,184800
259,149900
260,150200
261,147300
262,148000
263,176400
264,149700
265,150100
266,147700
267,231800
268,147200
269,149500
270,149800
271,152200
272,149600
273,148000
274,149600
275,149600
276,147700
277,304400
278,150200
279,147900
280,148000
281,154800
282,149700
283,148100
284,148000
285,151700
286,159900
287,149800
288,148000
289,150100
290,149200
291,151800
292,147300
293,147900
294,149600
295,149500
296,150200
297,147500
298,149900
299,150100
300,150400
301,150400
302,148000
303,149400
304,151100
305,148000
306,150000
307,149300
308,149800
309,149700
310,148100
311,307200
312,147800
313,147200
314,149300
315,291600
316,147900
317,149800
318,149700
319,147100
320,147800
321,149300
322,149500
323,147000
324,147200
325,149800
326,150200
327,149900
328,147400
329,147200
330,149500
331,149400
332,147600
333,147600
334,149800
335,196000
336,149400
337,149200
338,148100
339,151800
340,149600
341,149000
342,147900
343,147600
344,152300
345,150200
346,147200
347,147100
348,149900
349,152100
350,149900
351,147600
352,147600
353,149400
354,151800
355,147800
356,149900
357,149700
358,149900
359,154400
360,147800
361,147500
362,150200
363,149700
364,149800
365,147400
366,150700
367,150300
368,149700
369,150700
370,149300
371,149700
372,150300
373,147100
374,150100
375,149800
376,149700
377,148000
378,147900
379,298000
380,147800
381,147800
382,149800
383,152100
384,148000
385,147900
386,149400
387,149600
388,156700
389,147100
390,148100
391,149700
392,150000
393,151600
394,148700
395,149900
396,150100
397,150600
398,150800
399,150200
400,150200
401,150000
402,147900
403,236600
404,147800
405,149900
406,150300
407,149400
408,150100
409,147400
410,150600
411,150300
412,148300
413,150100
414,149600
415,149300
416,149400
417,147600
418,319500
419,149800
420,148000
421,149200
422,153300
423,149200
424,147900
425,147200
426,149500
427,180800
428,149200
429,147500
430,147700
431,149200
432,211600
433,150400
434,147300
435,147500
436,149600
437,150000
438,149500
439,147200
440,147200
441,150000
442,150000
443,147800
444,147300
445,150000
446,149900
447,244400
448,149500
449,147300
450,147300
451,151600
452,149500
453,149900
454,147300
455,147100
456,344900
457,147300
458,149100
459,150300
460,177200
461,149800
462,147200
463,147800
464,149800
465,151800
466,147100
467,147900
468,149400
469,149600
470,231400
471,149800
472,148300
473,147600
474,149900
475,149500
476,148100
477,148100
478,150000
479,149800
480,150100
481,147500
482,148300
483,150300
484,151300
485,147600
486,147900
487,149700
488,149500
489,154200
490,147500
491,148200
492,151100
493,149600
494,171200
495,148100
496,149400
497,150100
498,149400
499,149800
500,147300
501,149800
502,150300
503,147900
504,157100
505,149900
506,150200
507,149600
508,148100
509,149800
510,150000
511,150100
512,147900
513,148000
514,152500
515,149600
516,147900
517,147300
518,149500
519,151200
520,150700
521,147300
522,147400
523,149900
524,151900
525,147500
526,147700
527,149800
528,149600
529,153300
530,148100
531,148100
532,150000
533,149700
534,150400
535,147500
536,150800
537,150500
538,150500
539,150200
540,148500
541,150400
542,150200
543,148000
544,150600
545,149700
546,150100
547,150100
548,147800
549,151800
550,149900
551,150200
552,147500
553,148300
554,151500
555,150200
556,148100
557,147600
558,150300
559,320900
560,147300
561,154700
562,151500
563,150200
564,147700
565,147300
566,151500
567,149500
568,148200
569,148200
570,150000
571,204700
572,150500
573,147900
574,147900
575,150300
576,187000
577,150700
578,149500
579,147700
580,159200
581,149600
582,150200
583,147600
584,148200
585,152200
586,150000
587,150200
588,148100
589,151500
590,151600
591,149600
592,148400
593,148100
594,150000
595,153100
596,151200
597,148000
598,149500
599,149500
600,151900
