Test,Time
1,3451800
2,348100
3,347200
4,359300
5,349400
6,353700
7,347900
8,347000
9,349300
10,352600
11,166300
12,179500
13,161400
14,167500
15,157300
16,158800
17,159100
18,160700
19,201400
20,183000
21,159400
22,135700
23,135700
24,135900
25,135400
26,162700
27,192000
28,135900
29,135900
30,135500
31,138500
32,135400
33,135600
34,171800
35,135300
36,137800
37,135300
38,54200
39,54200
40,54000
41,53700
42,53900
43,56600
44,68400
45,54100
46,54000
47,53700
48,53600
49,53600
50,53600
51,53500
52,53700
53,53600
54,56500
55,53500
56,53700
57,53600
58,53600
59,53700
60,53600
61,53700
62,53600
63,54100
64,53600
65,53600
66,53500
67,53700
68,53500
69,53500
70,53600
71,53500
72,53500
73,53600
74,53500
75,53600
76,53500
77,53600
78,55100
79,54200
80,62900
81,54200
82,54800
83,53800
84,57800
85,53900
86,54600
87,53700
88,53800
89,53800
90,53800
91,53700
92,53600
93,53500
94,55900
95,53500
96,53600
97,53600
98,53500
99,53500
100,53600
101,53600
102,53500
103,53600
104,53700
105,53600
106,53600
107,53600
108,53600
109,53700
110,53700
111,54200
112,53600
113,53600
114,53600
115,53700
116,53700
117,53700
118,53600
119,53600
120,53700
121,53600
122,53600
123,53500
124,53600
125,53900
126,56000
127,54100
128,53900
129,53700
130,53600
131,53700
132,53600
133,53600
134,53600
135,53600
136,53500
137,53500
138,53500
139,53500
140,53500
141,53500
142,53600
143,53500
144,53600
145,53500
146,53600
147,53600
148,53400
149,53500
150,53600
151,53600
152,53600
153,53500
154,53500
155,53500
156,53700
157,53600
158,53500
159,53500
160,53500
161,53500
162,53600
163,53500
164,53500
165,53500
166,53500
167,53600
168,53800
169,115600
170,61500
171,65200
172,62400
173,61700
174,61000
175,63600
176,63000
177,63100
178,62000
179,65500
180,69800
181,69200
182,70100
183,70400
184,67900
185,68600
186,69800
187,66100
188,68900
189,68500
190,70500
191,86800
192,67400
193,53800
194,53800
195,53600
196,53500
197,53600
198,53700
199,53500
200,56100
201,53500
202,53600
203,53500
204,53700
205,53700
206,67600
207,65000
208,57100
209,54500
210,59400
211,53700
212,53700
213,53600
214,53500
215,53500
216,53500
217,54500
218,54200
219,54100
220,53800
221,53700
222,53600
223,53600
224,53500
225,53500
226,53500
227,53500
228,53600
229,54200
230,53400
231,53400
232,53500
233,53600
234,53500
235,53400
236,53400
237,53500
238,53500
239,53500
240,53500
241,53500
242,53400
243,53400
244,53400
245,53600
246,53500
247,53600
248,53400
249,53600
250,53500
251,53600
252,53400
253,53600
254,53400
255,53700
256,53600
257,57000
258,54000
259,53700
260,53700
261,53700
262,53500
263,53500
264,53600
265,53600
266,53500
267,53400
268,53500
269,53500
270,56200
271,53500
272,53500
273,53400
274,53500
275,53500
276,53400
277,53700
278,53400
279,53500
280,54500
281,53400
282,53500
283,53400
284,56200
285,53400
286,53600
287,53500
288,53400
289,53400
290,53300
291,53400
292,53500
293,53400
294,53500
295,54100
296,53400
297,53400
298,55900
299,53400
300,53400
301,53400
302,53500
303,53400
304,53400
305,53400
306,53500
307,53500
308,53700
309,53500
310,53600
311,56500
312,68300
313,53700
314,53600
315,55300
316,54100
317,54100
318,54700
319,53800
320,53600
321,53500
322,53500
323,53500
324,56200
325,53500
326,53500
327,53500
328,53400
329,53500
330,53400
331,53400
332,53400
333,53400
334,53400
335,53300
336,53300
337,54200
338,58600
339,59400
340,53500
341,53400
342,53400
343,53400
344,53400
345,53500
346,53400
347,53400
348,55500
349,53400
350,53500
351,53400
352,56000
353,53400
354,53400
355,53300
356,53400
357,53500
358,53400
359,53500
360,53400
361,53400
362,53500
363,53500
364,59100
365,53400
366,56200
367,53400
368,53400
369,53300
370,53700
371,53300
372,53700
373,53800
374,53600
375,53500
376,53500
377,53500
378,53800
379,53400
380,56700
381,53300
382,53500
383,54100
384,53500
385,53400
386,53300
387,54200
388,53300
389,53300
390,55700
391,53600
392,53700
393,53300
394,53400
395,56100
396,53300
397,53400
398,53500
399,53500
400,53700
401,53900
402,53500
403,53500
404,53500
405,53300
406,53400
407,53400
408,53300
409,53400
410,72600
411,53600
412,53600
413,53500
414,53400
415,53400
416,53400
417,53500
418,53500
419,53600
420,53600
421,53500
422,53400
423,59800
424,76500
425,53600
426,53500
427,53500
428,60000
429,53400
430,54100
431,54000
432,53300
433,53300
434,53300
435,53600
436,53300
437,53300
438,53400
439,57400
440,53500
441,53300
442,53400
443,53300
444,53300
445,53300
446,53300
447,53300
448,53400
449,53300
450,53300
451,53400
452,53400
453,53400
454,53400
455,53400
456,53600
457,53500
458,53400
459,53400
460,53600
461,53300
462,53400
463,53400
464,53300
465,53300
466,53300
467,53400
468,53300
469,53300
470,53400
471,53400
472,53500
473,53400
474,53400
475,53400
476,53400
477,53300
478,54000
479,53300
480,53300
481,53300
482,53300
483,53400
484,53400
485,55400
486,53300
487,53400
488,53600
489,53500
490,53700
491,53500
492,53600
493,54200
494,53500
495,53600
496,54000
497,53500
498,53500
499,53500
500,53500
501,56800
502,53400
503,53300
504,53500
505,53400
506,53400
507,53400
508,53500
509,53300
510,53300
511,53600
512,53800
513,53700
514,53600
515,53500
516,53400
517,53300
518,53400
519,53400
520,53400
521,53300
522,53300
523,53500
524,53300
525,53500
526,53500
527,53300
528,54100
529,53400
530,53300
531,55500
532,53300
533,53400
534,53300
535,53300
536,53200
537,53300
538,53400
539,53300
540,53300
541,53400
542,53400
543,53500
544,53500
545,53300
546,53300
547,56000
548,53300
549,53400
550,53400
551,58900
552,53300
553,53600
554,53700
555,53400
556,53400
557,53500
558,53500
559,53600
560,53200
561,53300
562,53400
563,64700
564,58200
565,60800
566,53700
567,53600
568,53500
569,53300
570,53300
571,53300
572,53500
573,53800
574,54100
575,53400
576,53400
577,53600
578,56200
579,53400
580,53300
581,53500
582,53300
583,53500
584,53300
585,53300
586,53400
587,53300
588,53400
589,53400
590,53500
591,53300
592,53300
593,53300
594,53300
595,55700
596,53400
597,53300
598,53300
599,53400
600,53500
