Test,Time
1,476200
2,48900
3,46100
4,41600
5,39400
6,53200
7,39000
8,38200
9,38100
10,39600
11,37400
12,37800
13,38600
14,52100
15,40000
16,39700
17,44400
18,47400
19,39200
20,38200
21,38000
22,38100
23,38000
24,38600
25,40700
26,37900
27,59000
28,40000
29,39000
30,41200
31,38500
32,38400
33,38600
34,44100
35,38200
36,37500
37,38000
38,37800
39,38100
40,37900
41,37800
42,37900
43,38500
44,38100
45,43300
46,27700
47,25200
48,24600
49,22800
50,22600
51,22600
52,21500
53,20800
54,21400
55,20200
56,20000
57,21100
58,20500
59,20900
60,20000
61,20900
62,20000
63,20100
64,19700
65,19100
66,20500
67,21800
68,19300
69,19200
70,19900
71,19800
72,19700
73,19900
74,19800
75,19900
76,19200
77,19900
78,19300
79,19700
80,19900
81,18600
82,19600
83,18500
84,19700
85,19300
86,19700
87,20300
88,18900
89,19000
90,18900
91,19800
92,19100
93,19700
94,19400
95,19000
96,20400
97,19500
98,19500
99,19100
100,19700
101,21000
102,18300
103,20100
104,18100
105,18600
106,19400
107,18700
108,18700
109,18600
110,19500
111,19400
112,19400
113,18800
114,18800
115,18800
116,21100
117,18800
118,19700
119,19800
120,19500
121,18900
122,19700
123,19000
124,18600
125,19000
126,19400
127,19300
128,19600
129,19600
130,19800
131,18900
132,22000
133,19800
134,18500
135,19600
136,18800
137,18600
138,19300
139,19300
140,18800
141,19100
142,19600
143,18700
144,19000
145,19500
146,19000
147,19400
148,18800
149,20400
150,18600
151,18700
152,18900
153,19200
154,19500
155,18800
156,19000
157,18800
158,18800
159,19100
160,19400
161,18700
162,18600
163,19400
164,18300
165,19100
166,23500
167,22200
168,18400
169,18100
170,20400
171,20300
172,21000
173,19800
174,19500
175,19800
176,19200
177,19800
178,23700
179,20200
180,19800
181,18900
182,18800
183,25300
184,20100
185,19200
186,19300
187,18700
188,18400
189,19200
190,18500
191,32800
192,34100
193,19600
194,19200
195,19500
196,19400
197,19500
198,18500
199,19000
200,22500
201,19100
202,18800
203,18800
204,36500
205,29700
206,28100
207,26800
208,24200
209,22600
210,21500
211,21000
212,19500
213,19400
214,18900
215,19100
216,18500
217,18400
218,18600
219,18600
220,18000
221,18700
222,17900
223,17800
224,17200
225,17300
226,17100
227,16700
228,17200
229,17200
230,17200
231,16600
232,16700
233,16400
234,16300
235,15800
236,15800
237,15600
238,16100
239,15800
240,15700
241,15800
242,15400
243,15100
244,15300
245,15000
246,15400
247,15400
248,21000
249,15900
250,15600
251,15500
252,15400
253,15500
254,15400
255,16700
256,16200
257,21900
258,21000
259,19600
260,18700
261,17600
262,17800
263,17000
264,16900
265,16200
266,16000
267,15800
268,15600
269,16300
270,15800
271,15600
272,15500
273,15100
274,15200
275,14700
276,15100
277,15100
278,14800
279,15200
280,14500
281,15100
282,14900
283,14900
284,14800
285,14400
286,15200
287,14800
288,15100
289,15100
290,14800
291,15300
292,15000
293,14900
294,15500
295,15000
296,15400
297,15000
298,15500
299,15100
300,14700
301,14900
302,15000
303,15000
304,15100
305,14700
306,14800
307,14600
308,14900
309,14600
310,14600
311,14500
312,14500
313,14800
314,14800
315,14500
316,14500
317,14200
318,14700
319,14700
320,14400
321,15200
322,14800
323,15300
324,15000
325,14800
326,15000
327,14500
328,14800
329,14600
330,17200
331,14700
332,14400
333,14600
334,14400
335,14400
336,14700
337,14500
338,14500
339,14500
340,14200
341,14400
342,14400
343,14200
344,14500
345,14100
346,14400
347,14100
348,14200
349,14200
350,14200
351,14200
352,14300
353,14200
354,14400
355,14100
356,14400
357,14300
358,14100
359,14200
360,14000
361,13700
362,13800
363,14100
364,13700
365,13900
366,13900
367,14100
368,14000
369,13800
370,13900
371,13900
372,13700
373,14300
374,14100
375,14400
376,13900
377,16800
378,14200
379,13700
380,13800
381,13900
382,14200
383,13900
384,13700
385,14700
386,14900
387,14700
388,14600
389,14600
390,14400
391,13800
392,13900
393,13600
394,13400
395,13800
396,13600
397,13400
398,13600
399,13700
400,13500
401,13800
402,13800
403,14000
404,13700
405,13400
406,13800
407,13500
408,13500
409,13500
410,13400
411,13700
412,13400
413,13300
414,13300
415,13500
416,13400
417,13500
418,13400
419,13300
420,13200
421,13200
422,13200
423,13100
424,13000
425,13100
426,13200
427,13100
428,13300
429,13400
430,13400
431,13300
432,13200
433,13200
434,13500
435,13300
436,13400
437,13700
438,13600
439,13700
440,13300
441,13300
442,13400
443,13100
444,13900
445,13800
446,13600
447,13700
448,13600
449,13800
450,13400
451,13400
452,13600
453,13300
454,13300
455,13900
456,13600
457,13700
458,13300
459,13200
460,13500
461,13200
462,13300
463,13300
464,12800
465,12900
466,13000
467,12700
468,12500
469,12700
470,12500
471,12400
472,12900
473,12600
474,12500
475,12700
476,12800
477,12800
478,12900
479,12600
480,12900
481,12700
482,12800
483,15700
484,12900
485,12600
486,12700
487,12700
488,12500
489,13300
490,12800
491,12800
492,12800
493,12600
494,12700
495,12500
496,12200
497,12900
498,12500
499,12500
500,12500
501,12300
502,12200
503,12100
504,12700
505,12700
506,12700
507,12500
508,12600
509,13000
510,13300
511,16200
512,16800
513,16800
514,15900
515,17300
516,15200
517,14600
518,13800
519,13700
520,13200
521,12800
522,12900
523,12600
524,12400
525,12400
526,12100
527,12200
528,12400
529,12400
530,12100
531,12100
532,12000
533,12000
534,12100
535,12000
536,11800
537,12000
538,11900
539,11700
540,11900
541,12000
542,11800
543,11900
544,11600
545,11500
546,11700
547,11600
548,11400
549,11700
550,11400
551,11200
552,11400
553,12000
554,11800
555,11700
556,11700
557,11900
558,11900
559,11700
560,11600
561,11500
562,11600
563,11500
564,12200
565,11900
566,11700
567,11800
568,11800
569,11500
570,11700
571,11300
572,11300
573,11600
574,11600
575,11400
576,11500
577,11500
578,11300
579,11400
580,11500
581,11300
582,11700
583,11600
584,11500
585,11700
586,11700
587,11600
588,11600
589,11400
590,11400
591,11400
592,11400
593,11300
594,11400
595,11500
596,11300
597,11400
598,13000
599,16100
600,35300
