Test,Time
1,441800
2,76200
3,61400
4,48100
5,38600
6,36800
7,37500
8,36800
9,36500
10,38300
11,36300
12,37100
13,40500
14,36900
15,36700
16,36500
17,36500
18,37000
19,60500
20,53700
21,37700
22,36900
23,36300
24,47900
25,42000
26,41000
27,36500
28,35700
29,35900
30,35700
31,35600
32,35800
33,36300
34,35700
35,39000
36,35600
37,36100
38,36200
39,36200
40,36300
41,36300
42,36600
43,36700
44,36400
45,36500
46,38300
47,26600
48,25100
49,23500
50,22800
51,22700
52,21900
53,21500
54,22300
55,20800
56,30300
57,33200
58,23100
59,22900
60,21500
61,22900
62,20700
63,21400
64,20500
65,24300
66,25000
67,21700
68,21500
69,21200
70,21600
71,21600
72,21100
73,20800
74,32700
75,29600
76,27100
77,27600
78,27100
79,27200
80,27100
81,27600
82,21100
83,19500
84,20600
85,20000
86,20600
87,22700
88,19500
89,20400
90,20000
91,20500
92,19800
93,20200
94,19500
95,19300
96,27300
97,19400
98,19100
99,19100
100,20000
101,19200
102,19200
103,22900
104,19200
105,19000
106,19900
107,19300
108,19200
109,19300
110,20100
111,19600
112,20000
113,19100
114,19200
115,19200
116,19300
117,19400
118,19800
119,20200
120,19800
121,19400
122,19800
123,19400
124,18900
125,19300
126,19900
127,19700
128,19900
129,20300
130,19900
131,19200
132,19900
133,19700
134,18800
135,20100
136,19100
137,19600
138,19900
139,19700
140,19100
141,19600
142,19900
143,19000
144,19200
145,19700
146,19100
147,19700
148,19300
149,19000
150,19100
151,18800
152,19000
153,20000
154,19800
155,19000
156,18700
157,18900
158,19100
159,19000
160,20500
161,19600
162,19500
163,20100
164,19300
165,19900
166,20000
167,19700
168,19800
169,18800
170,21500
171,21900
172,21500
173,20700
174,20100
175,20500
176,19900
177,20000
178,19800
179,20200
180,20000
181,19500
182,19300
183,19300
184,19700
185,35900
186,19900
187,22000
188,19100
189,20100
190,19400
191,20700
192,36800
193,30300
194,28000
195,25500
196,23800
197,22500
198,21200
199,20600
200,19500
201,19600
202,19100
203,19400
204,18200
205,52900
206,31200
207,28300
208,26700
209,34500
210,37200
211,38100
212,35800
213,34900
214,35900
215,55100
216,37500
217,37000
218,36800
219,38200
220,37000
221,35400
222,36000
223,39000
224,35100
225,36600
226,39300
227,36700
228,34300
229,33600
230,35100
231,33000
232,32000
233,34400
234,36500
235,31900
236,30000
237,30900
238,33800
239,33600
240,33700
241,35400
242,35000
243,35200
244,33800
245,30700
246,31600
247,28800
248,28100
249,28500
250,27400
251,24600
252,24200
253,23300
254,23000
255,23200
256,22400
257,24200
258,23800
259,21800
260,21100
261,20100
262,19600
263,18600
264,18600
265,18000
266,17400
267,23400
268,17100
269,17400
270,17000
271,17300
272,17100
273,16500
274,16800
275,15900
276,16500
277,16400
278,16100
279,16100
280,15600
281,15800
282,15600
283,15300
284,15400
285,15300
286,15400
287,15200
288,14900
289,14700
290,14700
291,14900
292,15100
293,14800
294,15000
295,14700
296,15000
297,14700
298,14600
299,14700
300,14500
301,14300
302,14700
303,14600
304,14800
305,14600
306,14500
307,14900
308,14600
309,14700
310,14600
311,14400
312,15000
313,14500
314,14600
315,15200
316,14500
317,14700
318,14600
319,27600
320,15400
321,15100
322,15300
323,15000
324,15000
325,14700
326,15000
327,15000
328,14700
329,14500
330,14800
331,14200
332,14400
333,14300
334,14300
335,14300
336,14300
337,14100
338,14300
339,13900
340,14600
341,14300
342,14000
343,14100
344,14000
345,13800
346,14400
347,14200
348,14200
349,14100
350,14100
351,14200
352,14100
353,14100
354,14800
355,14200
356,14100
357,14400
358,14100
359,14100
360,14100
361,13600
362,14500
363,14100
364,14000
365,14100
366,13700
367,13900
368,13700
369,13800
370,13800
371,13600
372,13600
373,14100
374,13700
375,13700
376,13900
377,16500
378,14100
379,13800
380,13800
381,13800
382,13600
383,13800
384,14000
385,14100
386,14200
387,13900
388,14000
389,14100
390,13500
391,13800
392,13600
393,13300
394,13600
395,13500
396,13300
397,13500
398,13700
399,13400
400,13500
401,13500
402,13700
403,13600
404,13800
405,13800
406,13700
407,13600
408,18300
409,36100
410,14100
411,14100
412,13600
413,13700
414,13800
415,13400
416,13600
417,13500
418,13400
419,13900
420,13600
421,13700
422,13600
423,14000
424,14000
425,13500
426,13600
427,13900
428,13500
429,13500
430,13300
431,13000
432,13200
433,13000
434,12800
435,13800
436,13700
437,13400
438,13600
439,13200
440,18400
441,13600
442,13100
443,13200
444,13100
445,12800
446,13100
447,12900
448,12900
449,13300
450,13000
451,13000
452,13000
453,12800
454,13000
455,12800
456,12600
457,12700
458,12400
459,12500
460,12600
461,12200
462,12200
463,12500
464,12400
465,12200
466,12300
467,12400
468,12100
469,12400
470,12300
471,12200
472,12400
473,12600
474,12500
475,12500
476,16400
477,13000
478,13000
479,12700
480,12800
481,12500
482,12300
483,12600
484,12600
485,12200
486,12400
487,12200
488,12300
489,12400
490,12200
491,12100
492,12500
493,12100
494,12200
495,12300
496,12100
497,12500
498,12500
499,11900
500,12200
501,12300
502,12000
503,12100
504,12500
505,12100
506,11900
507,12600
508,12300
509,12400
510,12700
511,16100
512,16600
513,16800
514,16000
515,15200
516,14500
517,14200
518,13700
519,13400
520,13800
521,13100
522,12700
523,12900
524,12900
525,12500
526,12700
527,12200
528,12400
529,12500
530,12400
531,12300
532,12400
533,12200
534,12100
535,12300
536,12000
537,11900
538,12300
539,12200
540,11900
541,11800
542,11900
543,11800
544,11800
545,11700
546,11800
547,11900
548,16400
549,12200
550,12100
551,12000
552,11800
553,12200
554,11900
555,11800
556,11600
557,11600
558,11800
559,11700
560,11500
561,11400
562,12300
563,11900
564,11900
565,12000
566,11700
567,11900
568,11900
569,12000
570,11700
571,11800
572,11700
573,11500
574,11900
575,11800
576,11500
577,12100
578,11800
579,11600
580,11900
581,11600
582,11700
583,11700
584,11600
585,11600
586,11600
587,11500
588,11500
589,11500
590,11500
591,48600
592,32000
593,28100
594,26300
595,24000
596,22200
597,21400
598,20300
599,18700
600,18600
